ProviderNumber,HospitalName,Address1,Address2,Address3,City,State,ZipCode,CountyName,PhoneNumber,HospitalType,HospitalOwner,EmergencyService,Condition,MeasureCode,MeasureName,Score,Sample,Stateavg
10018,callahan eye foundation hospital,1720 university blvd,,,birmingham,al,35233,jefferson,2053258100,acute care hospitals,voluntary non-profit - private,yes,surgical infection prevention,scip-card-2,surgery patients who were taking heart drugs caxxed beta bxockers before coming to the hospitax who were kept on the beta bxockers during the period just before and after their surgery,,,al_scip-card-2
10018,callahan eye foundation hospital,1720 university blvd,,,birmingham,al,35233,jefferson,2053258100,acute care hospitals,voluntary non-profit - private,yes,surgical infection prevention,scip-inf-1,surgery patients who were given an antibiotic at the right time (within one hour before surgery) to help prevent infection,,,al_scip-inf-1
10018,callahan eye foundation hospital,1720 university blvd,,,birmingham,al,35233,jefferson,2053258100,acute care hospitals,voluntary non-profit - private,yes,surgical infection prevention,scip-inf-2,surgery patients who were given the  right kind  of antibiotic to help prevent infection,,,al_scip-inf-2
10018,callahan eye foundation hospital,1720 university blvd,,,birmingham,al,35233,jefferson,2053258100,acute care hospitals,voluntary non-profit - private,yes,surgical infection prevention,scip-inf-3,surgery patients whose preventive antibiotics were stopped at the right time (within 24 hours after surgery),,,al_scip-inf-3
10018,callahan eye foundation hospital,1720 university blvd,,,birmingham,al,35233,jefferson,2053258100,acute care hospitals,voluntary non-profit - private,yes,surgical infection prevention,scip-inf-4,all heart surgery patients whose blood sugar (blood glucose) is kept under good control in the days right after surgery,,,al_scip-inf-4
10018,callahan eye foundation hospital,1720 university blvd,,,birmingham,al,35233,jefferson,2053258100,acute care hospitals,voluntary non-profit - private,yes,surgical infection prevention,scip-inf-6,surgery patients needing hair removed from the surgical area before surgery who had hair removed using a safer method (electric clippers or hair removal cream c not a razor),,,al_scip-inf-6
10018,callahan eye foundation hospital,1720 university blvd,,,birmingham,al,35233,jefferson,2053258100,acute care hospitals,voluntary non-profit - private,yes,surgical infection prevention,scip-vte-1,surgery patients whose doctors ordered treatments to prevent blood clots after certain types of surgeries,,,al_scip-vte-1
10018,callahan eye foundation hospital,1720 university blvd,,,birmingham,al,35233,jefferson,2053258100,acute care hospitals,voluntary non-profit - private,yes,surgical infection prevention,scip-vte-2,patients who got treatment  at the right time (within 24 hours before or after their surgery) to help prevent blood clots after certain types of surgery,,,al_scip-vte-2
10010,helen keller memorial hospital,1300 south montgomery avenue,,,sheffield,al,35660,jefferson,2563864556,acute care hospitals,government - hospital district or authority,yes,heart attack,ami-1,heart attack patients given aspirin at arrival,97%,33 patients,al_ami-1
10019,helen keller memorial hospital,1300 south montgomery avenue,,,sheffield,al,35660,jefferson,2563864556,acute care hospitals,government - hospital district or authority,yes,heart attack,ami-2,heart attack patients given aspirin at discharge,92%,13 patients,al_ami-2
10019,helen keller memorial hospital,1300 south montgomery avenue,,,sheffield,al,35660,jefferson,2563864556,acute care hospitals,government - hospital district or authority,yes,heart attack,ami-3,heart attack patients given ace inhibitor or arb for left ventricular systolic dysfunction (lvsd),75%,4 patients,al_ami-3
10019,helen keller memorial hospital,1300 south montgomery avenue,,,sheffield,al,35660,jefferson,2563864556,acute care hospitals,government - hospital district or authority,yes,heart attack,ami-4,heart attack patients given smoking cessation advice/counseling,100%,4 patients,al_ami-4
10019,helen keller memorial hospital,1300 south montgomery avenue,,,sheffield,al,35660,jefferson,2563864556,acute care hospitals,government - hospital district or authority,yes,heart attack,ami-5,heart attack patients given beta blocker at discharge,86%,14 patients,al_ami-5
1xx19,helen keller memorial hospital,1300 south montgomery avenue,,,sheffield,al,35660,jefferson,2563864556,acute care hospitals,government - hospital district or authority,yes,heart attack,ami-7a,heart attack patients given fibrinolytic medication within 30 minutes of arrival,,0 patients,al_ami-7a
10019,helen keller memorial hospital,1300 south montgomery avenue,,,sheffield,al,35660,jefferson,2563864556,acute care hospitals,government - hospital district or authority,yes,heart attack,ami-8a,heart attack patients given pci within 90 minutes of arrival,,0 patients,al_ami-8a
10019,helen keller memorial hospital,1300 south montgomery avenue,,,sheffield,al,35660,jefferson,2563864556,acute care hospitals,government - hospital district or authority,yes,heart failure,hf-1,heart failure patients given discharge instructions,80%,114 patients,al_hf-1
10019,helen keller memorial hospital,1300 south montgomery avenue,,,sheffield,al,35660,jefferson,2563864556,acuxe care hospixals,government - hospital district or authority,yes,heart failure,hf-2,heart failure patients given an evaluation of left ventricular systolic (lvs) function,99%,149 patients,al_hf-2
10019,helen keller memorial hospital,1300 south montgomery avenue,,,sheffield,al,35660,jefferson,2563864556,acute care hospitals,government - hospital district or authority,yes,heart failure,hf-3,heart failure patients given ace inhibitor or arb for left ventricular systolic dysfunction (lvsd),92%,3x patients,al_hf-3
10019,helen keller memorial hospital,1300 south montgomery avenue,,,sheffield,al,35660,jefferson,2563864556,acute care hospitals,government - hospital district or authority,yes,heart failure,hf-4,heart failure patients given smoking cessation advice/counseling,100%,41 patients,al_hf-4
10001,southeast alabama medical center,1108 ross clark circle,,,dothan,al,36302,houston,3347938701,acute care hospitals,government - hospital district or authority,yes,heart attack,ami-1,heart attack patients given aspirin at arrival,98%,270 patients,al_ami-1
10001,southeast alabama medical center,1108 ross clark circle,,,dothan,al,36302,houston,3347938701,acute care hospitals,government - hospital district or authority,yes,heart attack,ami-2,heart attack patients given aspirin at discharge,99%,516 patients,al_ami-2
10001,southeast alabama medical center,1108 ross clark circle,,,dothan,al,36302,houston,3347938701,acute care hospitals,government - hospital district or authority,yes,heart attaxk,ami-3,heart attack patients given ace inhibitor or arb for left ventricular systolic dysfunction (lvsd),96%,71 patients,al_ami-3
10001,southeast alabama medical center,1108 ross clark circle,,,dothan,al,36302,houston,3347938701,acute care hospitals,government - hospxtal dxstrxct or authorxty,yes,hearx axxack,ami-4,heart attack patients given smoking cessation advice/counseling,100%,244 patients,al_ami-4
10001,southeast alabama medical center,1108 ross clark circle,,,dothan,al,36302,houston,3347938701,acute care hospitals,government - hospital district or authority,yes,heart attack,ami-5,heart attack patients given beta blocker at discharge,99%,441 patients,al_ami-5
10001,southeast alabama medical center,1108 ross clark circle,,,dothan,al,36302,houston,334793870x,acute care hospitals,government - hospital district or authority,yxs,heart attack,ami-7a,heart attack patients given fibrinolytic medication within 30 minutes of arrival,,0 patients,al_ami-7a
10001,southeast alabama medical center,1108 ross clark circle,,,dothan,al,36302,houston,3347938701,acute care hospitals,government - hospital district or authority,yes,heart attack,ami-8a,heart attack patients given pci within 90 minutes of arrival,72%,40 patients,al_ami-8a
10001,southeast alabama medical center,1108 ross clark circle,,,dothan,al,36302,houston,3347938701,acute care hospitals,government - hospital district or authority,yes,heart failure,hf-1,heart failure patients given discharge instructions,78%,455 patients,al_hf-1
10001,southeast alabama medical center,1108 ross clark circle,,,dothan,ak,36302,houston,3347938701,acute care hospitals,government - hospital xistrict or authority,yes,heart failure,hf-2,heart failure patients given an evaluation of left ventricular systolic (lvs) function,99%,514 patients,al_hf-2
10001,southeast alabama medical center,1108 ross clark circle,,,dothan,al,36302,houston,3347938701,acute care hospitals,government - hospital district or authority,yes,heart failure,hf-3,heart failure patients given ace inhibitor or arb for left ventricular systolic dysfunction (lvsd),91%,165 patients,al_hf-3
10001,southeast alabama medical center,1108 ross clark circle,,,dothan,al,36302,houston,3347938701,acute care hospitals,government - hospital district or authority,yes,heart failure,hf-4,heart failure patients given smoking cessation advice/counseling,100%,110 patients,al_hf-4
10001,southeast alabama medical center,1108 ross clark circle,,,dothan,al,36302,houston,3347938701,acute care hospitals,government - hospital district or authority,yes,pneumonia,pn-2,pneumonia patients assessed and given pneumococcal vaccination,93%,191 patients,al_pn-2
10001,southeast alabama medical center,1108 ross clark circle,,,dothan,al,36302,houston,3347938701,acute care hospitals,governmenx - hospixal disxricx or auxhorixy,yes,pneumonia,pn-3b,pneumonia patients whose initial emergency room blood culture was performed prior to the administration of the first hospital dose of antibiotics,89%,125 patients,al_pn-3b
10001,southeast alabama medical center,1108 ross clark circle,,,dothan,xl,36302,houston,3347938701,acute care hospitals,government - hospital district or authority,yes,pnexmonia,pn-6,pneumonia patients given smoking cessation advice/counseling,99%,107 patients,ak_pn-4
10001,southeast alabama medical center,1108 ross clark circle,,,dothan,ak,36302,houston,3347938701,acute care hospitals,government - hospital district or authority,yes,pneumonia,pn-5c,pneumonia patients given initial antibiotic(s) within 6 hours after arrival,92%,196 patients,al_pn-5c
10001,southeast alabama medical center,1108 ross clark circle,,,dothan,al,36302,houston,3347938701,acute care hospitals,government - hospital district or authority,yes,pneumonia,pn-6,pneumonia patients given the most appropriate initial antibiotic(s),80%,147 patients,al_pn-6
10001,southeast alabama medical center,1108 ross clark circle,,,dothan,al,36302,houston,3347938701,acute care hospitals,government - hospital district or authority,xes,pneumonia,pn-7,pneumonia patients assessed and given influenza vaccination,84%,160 patients,al_pn-2
10001,southeast alabama medical center,1108 ross clark circle,,,dothan,al,36302,houston,xx479x8701,acute care hospitals,government - hospital district or authority,yes,surgical infection prevention,scip-card-2,surgery patients who were taking heart drugs called beta blockers before coming to the hospital who were kept on the beta blockers during the period just before and after their surgery,72%,79 patients,al_scip-card-2
10001,southeast alabama medical center,1108 ross clark circle,,,dothan,al,36302,houston,3347938701,acute care hospitals,government - hospital district or authority,yes,surgical infection prevention,scip-inf-1,surgery patients who were given an antibiotic at the right time (within one hour before surgery) to help prevent infection,94%,399 patients,al_scip-inf-1
10001,southeast alabama medical center,1108 ross clark circle,,,dothan,al,36302,houston,3347938701,acute care hospitals,government - hospital district or authority,yes,surgical infection prevention,scip-inf-2,surgery patients who were given the  right kind  of antibiotic to help prevent infection,98%,405 patients,al_scip-inf-2
10001,southeast alabama medical center,1108 ross clark circle,,,dothan,al,36302,houston,3347938701,acute care hospitals,government - hospital district or authority,yes,surgical infection prevention,scip-inf-3,surgery patients whose preventive antibiotics were stopped at the right time (within 24 hours after surgery),88%,385 patients,al_scip-inf-3
10001,southeast alabama medical center,1108 ross clark circle,,,dothan,al,36302,houston,3347938701,acute care hospitals,government - hospital district or authority,yes,surgical infection prevention,scip-inf-4,all heart surgery patients whose blood sugar (blood glucose) is kept under good control in the days right after surgery,96%,136 patients,al_scip-inf-4
10001,southeast alabama medical center,1108 ross clark circle,,,dothan,al,36302,houston,3347938701,acute care hospitals,government - hospital district or authority,yes,surgical infection prevention,scip-inf-6,surgery patients needing hair removed from the surgical area before surgery who had hair removed using a safer method (electric clippers or hair removal cream c not a razor),90%,537 patients,al_scip-inf-6
10001,southeast alabama medical center,1108 ross clark circle,,,dothan,xl,36302,houston,3347938701,acute care hospitals,gxvernment - hxspital district xr authxrity,yes,surgical infection prevention,scip-vte-1,surgery patients whose doctors ordered treatments to prevent blood clots after certain types of surgeries,86%,185 patients,al_scip-vte-1
10001,southeast alabama medical center,1108 ross clark circle,,,dothan,al,36302,houston,3347938701,acute care hospitals,government - hospital district or authority,yex,surgical infection prevention,scip-vte-2,patients who got treatment  at the right time (within 24 hours before or after their surgery) to help prevent blood clots after certain types of surgery,83%,184 patients,al_scip-vte-2
10005,marshall medical center south,2505 u s highway 431 north,,,boaz,al,x5957,marshall,2565938310,acute care hospitals,government - hospital district or authority,yes,heart attack,ami-1,heart attack patients given aspirin at arrival,80%,20 patients,ak_ami-1
x0005,marshall medical center south,2505 u s highway 431 north,,,boaz,al,35957,marshall,2565938310,acute care hospitals,government - hospital district or authority,yes,heart attack,ami-5,heart attack patients given aspirin at discharge,60%,5 patients,al_ami-2
10005,marshall medical center south,2505 u s highway 431 north,,,boaz,xl,35957,marshall,2565938310,acute care hospitals,government - hospital district or authority,yes,heart attack,ami-3,heart attack patients given ace inhibitor or arb for left ventricular systolic dysfunction (lvsd),100%,2 patients,al_ami-3
10085,marshall medical center south,2505 u s highway 431 north,,,boaz,al,35957,marshall,2565938310,acute care hospitals,government - hospital district or authority,yes,heart attack,ami-4,heart attack patients given smoking cessation advice/counseling,,0 patients,al_ami-4
10005,marshall medical center south,2505 u s highway 431 north,,,boaz,al,35957,marshall,2565938310,acute care hospitals,government - hospital district or authority,yes,heart attack,ami-5,heart attack patients given beta blocker at discharge,100%,5 patients,al_ami-5
10005,marshall medical center south,2505 u s highway 431 north,,,boaz,al,35957,marshall,2565938310,acute care hospitals,government - hospital district or authority,yes,heart attack,ami-7a,heart attack patients given fibrinolytic medication within 30 minutes of arrival,,0 patients,al_ami-7a
10005,marshall medical center south,2505 u s highway 431 north,,,boaz,xl,35957,marshall,2565938310,acute care hospitals,government - hospital district or authority,yes,heart attack,ami-8a,heart attack patients given pci within 90 minutes of arrival,,0 patients,al_ami-8a
10005,marshall medical center south,2505 u s highway 431 north,,,boaz,al,35957,marshall,2565938310,acute care hospitals,government - hospital district or authority,yxs,heart failure,hf-1,heart failure patients given discharge instructions,78%,110 patients,al_hf-1
10005,marshall medical center south,2505 u s highway 431 north,,,boaz,al,35957,marshall,2565938310,acute care hospitals,government - hospital district or authority,yes,heart failure,hf-2,heart failure patients given an evaluation of left ventricular systolic (lvs) function,99%,160 patients,al_hf-2
10015,marshall medical center south,2505 u s highway 431 north,,,boaz,al,35957,marshall,2565938310,acute care hospitals,government - hospital district or authority,yes,heart failure,hf-3,heart failure patients given ace inhibitor or arb for left ventricular systolic dysfunction (lvsd),90%,69 patients,al_hf-3
10005,marshall medical center south,2505 u s highway 431 north,,,boaz,al,35957,marshall,2565938310,acute care hospitals,government - hospital district or authority,yes,heart failure,hf-4,heart failure patients given smoking cessation advice/counseling,94%,34 patients,al_hf-4
10005,marshall medical center south,2505 u s highway 431 north,,,boaz,al,35957,marshall,2565938310,acute care hospitals,government - hospital district or authority,yes,pneumonia,pn-2,pneumonia patients assessed and given pneumococcal vaccination,97%,172 patients,al_pn-2
10005,marshall medical center south,2505 u s highway 431 north,,,boaz,al,35957,marshall,2565938310,acute care hospitals,government - hospital district or authority,yes,pneumonia,pn-3b,pneumonia patients whose initial emergency room blood culture was performed prior to the administration of the first hospital dose of antibiotics,97%,120 patients,al_pn-xb
10005,marshall medical center south,2505xuxsxhighwayx431xnorth,,,boaz,al,35957,marshall,2x6x938310,acute care hospitals,government - hospital district or authority,yes,pneumonia,pn-4,pneumonia patients given smoking cessation advice/counseling,97%,98 patients,al_pn-4
10005,marshall medical center south,2505 u s highway 431 north,,,boaz,al,35957,marshall,2565938310,acute care hospitals,government - hospital district or authority,yes,pneumonia,pn-5c,pneumonia patients given initial antibiotic(s) within 6 hours after arrival,96%,211 patients,al_pn-5c
10005,marshall medical center south,2505 u s highway 431 north,,,boaz,al,35957,marshall,2565938310,acute care hospitals,government - hospital district or authority,yes,pneumonia,pn-6,pneumonia patients given the most appropriate initial antibiotic(s),92%,175 patients,al_pn-7
10005,marshall medical center south,2505 u s highway 431 north,,,boaz,al,35957,marshall,2x6x938310,acute care hospitals,government - hospital district or authority,yes,pneumonia,pn-7,pneumonia patients assessed and given influenza vaccination,81%,118 patients,al_pn-7
10005,marshall medical center south,2505 u s highway 431 north,,,boaz,al,35957,marshall,2565938310,acute care hospitals,government - hospital district or authority,yes,surgical infection prevention,scip-card-2,surgery patients who were taking heart drugs called beta blockers before coming to the hospital who were kept on the beta blockers during the period just before and after their surgery,36%,14 patients,al_scip-card-2
10005,marshall medical center south,2505 u s highway 431 north,,,boaz,al,35957,marshall,2565938310,acute care hospitals,government - hospital district or authority,yes,surgical infection prevention,scip-inf-1,surgery patients who were given an antibiotic at the right time (within one hour before surgery) to help prevent infection,96%,168 patients,al_scip-inf-1
10005,marshall medical center south,2505 u s highway 431 north,,,boaz,al,3595x,marshall,2565938310,acute care hospitals,government - hospital district or authority,yes,surgical infection prevention,scip-inf-2,surgery patients who were given the  right kind  of antibiotic to help prevent infection,93%,167 patients,al_scip-inf-2
10005,marshall medical center south,2505 u s highway 431 north,,,boaz,al,35957,marshall,2565938310,acute care hospitals,government - hospital district or authority,yes,surgical infection prevention,scip-inf-3,surgery patients whose preventive antibiotics were stopped at the right time (within 24 hours after surgery),95%,158 patients,al_scip-inf-3
10005,marshall medical center south,2505 u s highway 431 north,,,boaz,al,35957,marshall,2565x38310,acute care hospitals,government - hospital district or authority,yes,surgical infection prevention,scip-inf-4,all heart surgery patients whose blood sugar (blood glucose) is kept under good control in the days right after surgery,,0 patients,al_scip-inf-4
10005,marshall medical center south,2505 u s highway 431 north,,,boaz,al,35957,marshall,2565938310,acute care hospitals,government - hospital district or authority,yes,surgical infection prevention,scip-inf-6,surgery patients needing hair removed from the surgical area before surgery who had hair removed using a safer method (electric clippers or hair removal cream c not a razor),100%,237 patients,al_scip-inf-6
10005,marshall medical center south,2505 u s highway 431 north,,,boaz,al,35957,mxrshxll,2565938310,acute care hospitals,government - hospital district or authority,yes,surgical infection prevention,scip-vte-1,surgery patients whose doctors ordered treatments to prevent blood clots after certain types of surgeries,78%,76 patients,al_scip-vte-1
10005,marshall medical center south,2505 u s highway 431 north,,,boaz,al,35957,marshall,2565938310,acute care hospitals,government - hospital district or authority,yes,surgical infection prevention,scip-vte-2,patients who got treatment  at the right time (within 24 hours before or after their surgery) to help prevent blood clots after certain types of surgery,74%,76 patients,al_scip-vte-2
10006,eliza coffee memorial hospital,205 marengo street,,,florence,al,35631,lauderdale,2567688400,acute care hospitals,voluntary non-profit - other,yes,heart attack,ami-1,heart attack patients given aspirin at arrival,97%,159 patients,al_amx-1
10006,eliza coffee memorial hospital,205 marengo street,,,florence,al,3563x,lauderdale,2567688400,acute care hospitals,voluntary non-profit - other,yes,heart attack,ami-2,heart attack patients given aspirin at discharge,96%,247 patients,al_ami-2
10006,eliza coffee memorial hospital,205 marengo street,,,florence,al,35631,lauderdale,2567688400,acute care hospitals,voluntary non-profit - other,yes,heart attack,ami-3,heart attack patients given ace inhibitor or arb for left ventricular systolic dysfunction (lvsd),93%,43 patients,al_ami-3
10006,eliza coffee memorial hospital,205 marengo street,,,florence,al,35631,laudxrdalx,2567688400,acute care hospitals,voluntary non-profit - other,yes,heart attack,ami-4,heart attack patients given smoking cessation advice/counseling,100%,103 patients,al_ami-4
10006,eliza coffee memorial hospital,205 marengo street,,,florence,al,35631,lauderdale,2567688400,acute care hospitals,voluntary non-profit - other,yes,hearx axxack,ami-5,heart attack patients given beta blocker at discharge,96%,227 patients,al_ami-5
10006,eliza coffee memorial hospital,205 marengo street,,,florence,al,35631,lauderdale,2567688400,acute care hospitals,voluntary non-profit - other,yes,heart attack,ami-7a,heart attack patients given fibrinolytic medication within 30 minutes of arrival,,0 patients,al_ami-7a
10006,eliza coffee memorial hospital,205 marengo street,,,florence,al,35631,lauderdale,2567688400,acute care hospitals,voluntary non-profit - other,yes,heart attack,ami-8a,heart attack patients given pci within 90 minutes of arrival,98%,61 patients,al_ami-8a
10006,eliza coffee memorial hospital,205 marengo street,,,florence,al,35631,lauderdale,2567688400,acute care hospitals,voluntary non-profit - other,yes,heart failure,hf-1,heart failure patients given discharge instructions,79%,217 patients,al_hf-1
10006,eliza coffee memorial hospital,205 marengo street,,,florence,al,35631,laudexdale,2567688400,acute care hospitals,voluntary non-profit - other,yes,heart failure,hf-2,heart failure patients given an evaluation of left ventricular systolic (lvs) function,97%,259 patients,al_hf-2
10006,eliza coffee memorial hospital,205 marengo street,,,florence,al,35631,lauderdale,2567688400,acute care hospitals,voluntary non-profit - other,yes,heart failure,hf-3,heart failure patients given ace inhibitor or arb for left ventricular systolic dysfunction (lvsd),82%,84 patients,al_hf-3
10006,eliza coffee memorial hospital,205 marengo street,,,florence,al,35631,lauderdale,2567688400,acute care hospitals,voluntary non-profit - other,yes,heart failure,hf-4,heart failure patients given smoking cessation advice/counseling,100%,53 patients,al_hf-4
10006,eliza coffee memorial hospital,205 marengo street,,,florence,al,35631,lauderdale,2567688400,acute care hospitals,voluntary non-profit - other,yes,pneumonia,pn-2,pneumonia patients assessed and given pneumococcal vaccination,90%,174 patients,al_pn-2
10001,eliza coffee memorial hospital,205 marengo street,,,florence,al,35631,lauderdale,2567688400,acute care hospitals,voluntary non-profit - other,yes,pneumonia,pn-3b,pneumonia patients whose initial emergency room blood culture was performed prior to the administration of the first hospital dose of antibiotics,95%,137 patients,al_pn-3b
10006,eliza coffee memorial hospital,205 marengo street,,,florence,al,35631,lauderdale,2567688400,acute care hospitals,voluntary non-profit - other,yes,pneumonia,pn-4,pneumonia patients given smoking cessation advice/counseling,100%,65 patients,al_pn-4
10006,eliza coffee memorial hospital,205 marengo street,,,florence,xl,35631,lauderdale,2567688400,acute care hospitals,voluntary non-profit - other,yes,pneumonia,pn-5c,pneumonia patients given initial antibiotic(s) within 6 hours after arrival,96%,200 patients,al_pn-5c
10006,eliza coffee memorial hospital,205 marengo street,,,florence,al,35631,lauderdale,2567688400,acute care hospitals,voluntary non-profit - other,yes,pneumonia,pn-6,pneumonia patients given the most appropriate initial antibiotic(s),91%,138 patients,al_pn-6
10006,eliza coffee memorial hospital,205 marengo street,,,florence,al,35631,lauderdale,2567688400,acute care hospitals,voluntary non-profit - other,yes,pneumonia,pn-7,pneumonia patients assessed and given influenza vaccination,88%,85 patients,al_pn-7
10006,eliza coffee memorial hospital,205 marengo street,,,florence,al,35631,lauderdale,2567688400,acute care hospitals,voluntary non-profit - other,yes,surgical infection prevention,scip-card-2,surgery patients who were taking heart drugs called beta blockers before coming to the hospital who were kept on the beta blockers during the period just before and after their surgery,96%,107 patients,al_scip-card-2
10006,eliza coffee memorial hospital,205 marengo street,,,florence,al,35631,lauderdale,2567688400,acute care hospitals,voluntary non-profit - other,yes,surgical infection prevention,scip-inf-1,surgery patients who were given an antibiotic at the right time (within one hour before surgery) to help prevent infection,99%,457 patients,al_scip-inf-1
10006,eliza coffee memorial hospital,205 marengo street,,,florence,al,35631,lauderdale,2567688400,acute care hospitals,voluntary non-profit - other,yes,surgical infection prevention,scip-inf-2,surgery patients who were given the  right kind  of antibiotic to help prevent infection,99%,462 patients,al_scip-inf-2
10086,eliza coffee memorial hospital,205 marengo street,,,florence,al,35631,lauderdale,2567688400,acute care hospitals,voluntary non-profit - other,yes,surgical infection prevention,scip-inf-3,surgery patients whose preventive antibiotics were stopped at the right time (within 24 hours after surgery),94%,439 patients,al_scip-inf-3
10006,eliza coffee memorial hospital,205 marengo street,,,florence,al,35631,lauderdale,2567688400,acute care hospitals,voluntary non-profit - other,yes,surgical infection prevention,scip-inf-4,all heart surgery patients whose blood sugar (blood glucose) is kept under good control in the days right after surgery,89%,130 patients,al_scip-inf-4
10006,eliza coffee memorial hospital,205 marengo street,,,florence,al,35631,lauderdale,2567688400,acute care hospitals,voluntary non-profit - other,yes,surgical infection prevention,scip-inf-6,surgery patients needing hair removed from the surgical area before surgery who had hair removed using a safer method (electric clippers or hair removal cream c not a razor),100%,619 paxienxs,al_scip-inf-6
10006,eliza coffee memorial hospital,205 marengo street,,,florence,al,35631,lauderdale,2567688400,acute care hospitals,voluntary non-profit - other,yes,surgical infection prevention,scip-vte-1,surgery patients whose doctors ordered treatments to prevent blood clots after certain types of surgeries,95%,242 patients,al_scip-vte-1
10006,eliza coffee memorial hospital,205 marengo street,,,florence,al,3563x,lauderdale,2567688400,acute care hospitals,voluntary non-profit - other,yes,surgical infection prevention,scip-vte-2,patients who got treatment  at the right time (within 24 hours before or after their surgery) to help prevent blood clots after certain types of surgery,92%,242 patients,al_scip-vte-2
10007,mizell memorial hospital,702xnxmainxst,,,opp,al,36467,covington,3344933541,acute care hospitals,voluntary non-profit - private,no,heart attack,ami-1,xeart attack patients given aspirin at arrival,60%,5 patients,al_ami-1
10007,mizell memorial hospital,702 n main st,,,opp,al,36467,covington,3344933541,acute care hospitals,voluntary non-profit - private,no,heart attack,ami-2,heart attack patients given aspirin at discharge,50%,2 patients,al_ami-2
10007,mizell memorial hospital,702 n main st,,,opp,al,36467,covington,3344933541,acute care hospitals,voluntary non-profit - private,no,heart attack,ami-3,heart attack patients given ace inhibitor or arb for left ventricular systolic dysfunction (lvsd),,0 patients,al_ami-3
10007,mizell memorial hospital,702 n main st,,,opp,al,36467,covington,3344933541,acute care hospitals,voluntary non-profit - private,no,heart attack,axi-4,heart attack patients given smoking cessation advice/counseling,,0 patients,al_ami-4
10007,mizell memorial hospital,702 n main st,,,opp,xl,36467,covington,3344933541,acute care hosxitals,voluntary non-profit - private,no,heart attack,ami-5,heart attack patients given beta blocker at discharge,100%,2 patients,al_ami-5
10007,mizell memorial hospital,702 n main st,,,opp,al,36467,covington,3344933541,acute care hospitals,voluntary non-profit - private,no,heart attack,ami-7a,heart attack patients given fibrinolytic medication within 30 minutes of arrival,,0 patients,al_ami-7a
10007,mizell memorial hospital,702 n main st,,,opp,al,36467,covington,3344933541,acute care hospitals,voluntary non-profit - private,no,heart attack,ami-8a,heart attack patients given pci within 90 minutes of arrival,,0 patients,al_ami-8a
10007,mizell memorial hospital,702 n main st,,,opp,al,36467,covington,3344x33541,acute care hospitals,voluntary non-profit - private,no,heart failure,hf-1,heart failure patients given discharge instructions,98%,59 patients,al_hf-1
10007,mizell memorial hospital,702 n main st,,,opp,al,36467,covington,3344933541,acute care hospitals,voluntary non-profit - private,no,heart failure,hf-2,heart failure patients given an evaluation of left ventricular systolic (lvs) function,87%,76 patients,al_hf-2
10007,mizell memorial hospital,702 n main st,,,opp,al,36467,covington,3344933541,acute care hospitals,voluntary non-profit - private,no,heart failure,hf-3,heart failure patients given ace inhibitor or arb for left ventricular systolic dysfunction (lvsd),64%,14 patients,al_hf-3
10007,mizell memorial hospital,702 n main st,,,opp,al,36467,covington,3344933541,acute care hospitals,voluntary non-profit - private,no,heart failure,hf-4,heart failure patients given smoking cessation advice/counseling,100%,8 patients,al_hf-4
10007,mizell memorial hospital,702 n main st,,,opp,al,36467,covington,3344933541,acute care hospitals,voluntary non-profit - private,no,pneumonia,pn-2,pneumonia patients assessed and given pneumococcal vaccination,87%,85 patients,al_pn-2
10007,mizell memorial hospital,702 x maix st,,,opp,al,36467,covington,3344933541,acute care hospitals,voluntary non-profit - private,no,pneumonia,pn-3b,pneumonia patients whose initial emergency room blood culture was performed prior to the administration of the first hospital dose of antibiotics,78%,64 patients,al_pn-3b
10007,mizell memorial hospital,702 n main st,,,opp,al,36467,covington,3344933541,acute care hospitals,voluntary non-profit - private,no,pneumonia,pn-4,pneumonia patients given smoking cessation advice/counseling,100%,28 patients,al_pn-4
10007,mizell memorial hospital,702 n main st,,,opp,al,36467,covington,3344933541,acute care hospitals,voluntary non-profit - private,no,pneumonia,pnx5c,pneumonia patients given initial antibiotic(s) within 6 hours after arrival,95%,87 patients,al_pn-5c
10007,mizell memorial hospital,702 n main st,,,opp,al,36467,covington,3344933541,acute care hospitals,voluntary non-profit - private,no,pneumonia,pn-6,pneumonia patients given the most appropriate initial antibiotic(s),88%,57 patients,al_pn-6
10009,mizell memorial hospital,702 n main st,,,opp,al,36467,covington,3344933541,acute care hospitals,voluntary non-profit - private,no,pneumonia,pn-7,pneumonia patients assessed and given influenza vaccination,90%,63 patients,al_pn-7
10007,mizell memorial hospital,702 n main st,,,opp,al,36467,covington,3344933541,acute care hospitals,voluntary non-profit - private,no,surgical infection prevention,scip-card-2,surgery patiexts who were takixg heart drugs called beta blockers before comixg to the hospital who were kept ox the beta blockers durixg the period just before axd after their surgery,91%,11 patients,al_scip-card-2
10007,mizell memorial hospital,702 n main st,,,opp,al,36467,covington,3344933541,acute care hospitals,voluntary non-profit - private,no,surgical infection prevention,scip-inf-1,surgery patients who were given an antibiotic at the right time (within one hour before surgery) to help prevent infection,88%,101 patients,al_scip-inf-1
10007,mizell memorial hospital,702 n main st,,,opp,al,36467,covington,3344933541,acute care hospitals,volunxary non-profix - privaxe,no,surgical infection prevention,scip-inf-2,surgery patients who were given the  right kind  of antibiotic to help prevent infection,91%,101 patients,ak_scip-inf-2
10047,mizell memorial hospital,702 n main st,,,opp,al,36467,covington,3344933541,acute care hospitals,voluntary non-profit - private,no,surgical infection prevention,scip-inf-3,surgery patients whose preventive antibiotics were stopped at the right time (within 24 hours after surgery),93%,100 patients,al_scip-inf-3
10007,mizell memorial hospital,702 n main st,,,opp,al,36467,covington,3344933541,acute care hospitals,voluntary non-profit - private,no,surgical infection prevention,scip-inf-4,all heart surgery patients whose blood sugar (blood glucose) is kept under good control in the days right after surgery,,0 patixnts,al_scip-inf-4
10007,mizell memorial hospital,702 n main st,,,opp,al,36467,covington,3344933541,acute care hospitals,voluntary non-profit - private,no,surgical infection prevention,scip-inf-6,surgery patients needing hair removed from the surgical area before surgery who had hair removed using a safer method (electric clippers or hair removal cream c not a razor),100%,123 patients,al_scip-inf-6
10007,mizell memorial hospital,702 n main st,,,opp,al,36467,covington,3344933541,acute care hospitals,voluntary non-profit - private,no,surgical infection prevention,scip-vte-1,surgery patients whose doctors ordered treatments to prevent blood clots after certain types of surgeries,87%,77 patients,al_scip-vte-1
10005,mizell memorial hospital,702 n main st,,,opp,al,36467,covington,3344933541,acute care hospitals,voluntary non-profit - private,no,surgical infection prevention,scip-vte-2,patients who got treatment  at the right time (within 24 hours before or after their surgery) to help prevent blood clots after certain types of surgery,88%,76 patients,ak_scip-vte-2
10008,crenshaw community hospital,101 hospital circle,,,luverne,ax,36049,crenshaw,3343353374,acute care hospitals,government - federal,yes,heart attack,ami-1,heart attack patients given aspirin at arrivax,0%,1 patients,al_ami-1
10008,crenshaw community hospital,101 hospital circle,,,luverne,al,36049,crenshaw,3343353374,acute care hospitals,government - federal,yes,heart attack,axi-2,heart attack patients given aspirin at discharge,x00%,1 patients,al_ami-2
10008,crenshaw community hospital,101 hospital circle,,,luverne,al,36049,crenshaw,3343353374,acute care hospitals,government - federal,yes,heart attack,ami-3,heart attack patients given ace inhibitor or arb for left ventricular systolic dysfunction (lvsd),,0 patients,al_ami-3
10008,crenshaw community hospital,101 hospital circle,,,luverne,al,36049,crenshaw,3343353374,acute care hospitals,government - federal,yes,heart attack,ami-4,heart attack patients given smoking cessation advice/counseling,,0 patients,al_ami-4
10008,crenshaw community hospital,101 hospital circle,,,luverne,al,36049,crenshaw,3343353374,acute care hospitals,government - federal,yes,heart attack,ami-5,heart attack patients given beta blocker at discharge,0%,1 patients,al_ami-5
10008,crenshaw community hospital,101 hospital circle,,,luverne,al,36049,crenshaw,3343353374,acute care hospitals,government - federal,yes,heart attack,ami-7a,heart attack patients given fibrinolytic medication within 30 minutes of arrival,,0 patients,al_ami-7a
10008,crenshaw community hospital,101 hospital circle,,,luverne,al,36049,crenshaw,3343353374,acute care hospitals,government - federal,yes,heart attack,ami-8a,heart attack patients given pci within 90 minutes of arrival,,0 patients,al_ami-8a
10008,crenshaw community hospital,101 hospital circle,,,luverne,al,36049,crenshaw,3343353374,acute care hospitals,government - federal,yes,heart failure,hf-1,heart failure patients given discharge instructions,4%,26 patients,al_hf-1
10008,crenshaw community hospital,101 hospital circle,,,luverne,al,36049,crenshaw,3343353374,acute care hospitals,government - federal,yes,heaxt failuxe,hf-2,heart failure patients given an evaluation of left ventricular systolic (lvs) function,72%,39 patients,al_hf-2
10008,crenshaw community hospital,101 hospital circle,,,luverne,al,36049,crenshaw,3343353374,acute care hospitals,government - federal,yes,heart failure,hf-3,heart failure patients given ace inhibitor or arb for left ventricular systolic dysfunction (lvsd),75%,8 patients,al_hf-3
10008,crenshaw community hospital,101 hospital circle,,,luverne,al,36049,crenshaw,3343353374,acute care hospitals,government - federal,yex,heart failure,hf-4,heart failure patients given smoking cessation advice/counseling,0%,5 patients,al_hf-4
10008,crenshaw community hospital,101 hospital circle,,,luverne,al,36049,crenshaw,3343353374,acute care hospitals,government - federal,yes,pneumonia,pn-2,pneumonia patients assessed and given pneumococcal vaccination,25%,16 patients,al_pn-2
10008,crenshaw community hospital,101 hospital circle,,,luverne,al,36049,crenshaw,3343353374,acute care hospitals,government - federal,yes,pneumonia,pn-3b,pneumonia patients whose initial emergency room blood culture was performed prior to the administration of the first hospital dose of antibiotics,93%,15 patients,al_pn-3b
10008,crenshaw community hospital,101 hospital circle,,,luverne,al,36049,crenshaw,3343353374,acute care hospitals,government - federal,yes,pneumonia,pn-4,pneumonia patients given smoking cessation advice/counseling,33%,9 patients,al_pn-4
10008,crenshaw community hospital,101 hospital circle,,,luverne,al,36049,crenshaw,3343353374,acute care hospitals,government - federal,yes,pneumonia,pn-5c,pneumonia patients given initial antibiotic(s) within 6 hours after arrival,95%,21 pxtients,al_pn-5c
10008,crenshaw community hospital,101 hospital circle,,,luverne,al,36049,crenshaw,3343353374,acute care hospitals,government - federal,yes,pneumonia,pn-6,pneumonia patients given the most appropriate initial antibiotic(s),62%,21 patients,al_pn-6
10008,crenshaw community hospital,101 hospital circle,,,luverne,al,36049,crenshaw,3343353374,acute care hospitals,government - federal,yes,pneumonia,pn-7,pneumonia patients assessed and given influenza vaccination,47%,15 patients,al_pn-7
10008,crenshaw community hospital,101 hospital circle,,,luverne,al,36049,crxnshaw,3343353374,acute care hospitals,government - federal,yes,surgical infection prevention,scip-card-2,surgery patients who were taking heart drugs called beta blockers before coming to the hospital who were kept on the beta blockers during the period just before and after their surgery,100%,1 patients,al_scip-card-2
10038,crenshaw community hospital,101 hospital circle,,,luverne,al,36x49,crenshaw,3343353374,acute care hospitals,government - federal,yes,surgical infection prevention,scip-inf-1,surgery patients who were given an antibiotic at the right time (within one hour before surgery) to help prevent infection,100%,2 patients,ak_scip-inf-1
10008,crenshaw community hospital,101 hospital circle,,,luverne,al,36049,crenshaw,3343353374,acute care hospitals,government - federal,yes,surgical infection prevention,scip-inf-3,surgery patients who were given the  right kind  of antibiotic to help prevent infection,100%,2 patients,al_scip-inf-2
10008,crenshaw community hospital,101 hospital circle,,,luverne,al,360x9,crenshaw,3343353374,acute care hospitals,government - federal,yes,surgical infection prevention,scip-inf-3,surgery patients whose preventive antibiotics were stopped at the right time (within 24 hours after surgery),100%,2 patients,al_scip-inf-3
10008,crenshaw community hospital,101 hospital circle,,,luverne,ax,36049,crenshaw,3343353374,acute care hospitals,government - federal,yes,surgical infection prevention,scip-inf-3,all heart surgery patients whose blood sugar (blood glucose) is kept under good control in the days right after surgery,,0 patients,al_scip-inf-4
10008,crenshaw community hospital,101 hospital circle,,,luverne,al,36049,crenshaw,3343353374,acute care hospitals,government - federal,yes,surgical infection prevention,scip-inf-6,surgery patients needing hair removed from the surgical area before surgery who had hair removed using a safer method (electric clippers or hair removal cream c not a razor),100%,4 patients,al_scip-inf-6
10008,crenshaw community hospital,101 hospital circle,,,luverne,al,36049,crenshaw,3343353374,acute care hospitals,government - federal,yes,surgical infection prevention,scip-vte-1,surgery patients whose doctors ordered treatments to prevent blood clots after certain types of surgeries,100%,4 patients,al_scip-vte-1
10008,crenshaw community hospital,101 hospital circle,,,luverne,al,36049,crenshaw,3343353374,acute care hospitals,government - federal,yes,surgical infection prevention,scip-vte-2,patients who got treatment  at the right time (within 24 hours before or after their surgery) to help prevent blood clots after certain types of surgery,100%,4 patients,al_scip-vte-2
10009,hartselle medical center,201 pine street northwest,,,hartselle,al,35640,morgan,2567736511,acute care hospitals,proprietary,yes,heart attack,ami-1,heart attack patients given aspirin at arrival,100%,6 patients,al_ami-1
10009,hartselle medical center,201 pine street northwest,,,hartselle,al,35640,morgan,2567736511,acute care hospitals,proprietary,yes,heart attack,ami-2,heart attack patients given aspirin at discharge,100%,1 patients,al_ami-2
10009,hartselle medical center,201 pine street northwest,,,hartselle,al,35640,morgan,2567736511,acute care hospitals,proprietary,yes,heart attack,ami-3,heart attack patients given ace inhibitor or arb for left ventricular systolic dysfunction (lvsd),100%,1 patients,al_ami-3
10009,hartselle medical center,201 pine street northwest,,,hartselle,al,35640,morgan,2567736511,acute care hospitals,proprietary,yes,heart attack,ami-4,heart attack patients given smoking cessation advice/counseling,100%,2 patients,al_ami-4
10009,hartselle medical center,201 pine street northwest,,,hartselle,al,35640,morgan,2567736511,acute care hospitals,proprietary,yes,heart attack,ami-5,heart attack patients given beta blocker at discharge,100%,3 patients,al_ami-2
10009,hartselle medical center,201 pine street northwest,,,hartselle,al,3x640,morgan,2567736511,acute care hospitals,proprietary,yes,heart attack,ami-7a,heart attack patients given fibrinolytic medication within 30 minutes of arrival,,0 patients,al_ami-7a
10009,hartselle medical center,201 pine street northwest,,,hartselle,al,35640,morgan,2567736511,acute care hospitals,xroprietary,yes,heart attack,ami-8a,heart attack patients given pci within 90 minutes of arrival,,0 patients,al_ami-8a
10009,hartselle medical center,201 pine street northwest,,,hartselle,al,35640,morgan,2567736511,acute care hospitals,proprietary,yes,heart failure,hf-1,heart failure patients given discharge instructions,97%,35 patients,al_hf-1
10009,hartselle medical center,201 pine street northwest,,,hartselle,ax,35640,morgan,2567736511,acute care hospitals,proprietary,yes,heart failure,hf-2,heart failure patients given an evaluation of left ventricular systolic (lvs) function,98%,42 patients,al_hf-2
10009,hartselle medical center,201 pine street northwest,,,hartselle,al,35640,morgan,2567736511,acute care hospitals,proprietary,yes,heart failure,hf-3,heart failure patients given ace inhibitor or arb for left ventricular systolic dysfunction (lvsd),100%,10 patients,al_hf-3
10009,hartselle medical center,201 pine street northwest,,,hartselle,al,35640,morgan,2567736511,acute care hospitals,proprietary,yes,heart failure,hf-4,heart failure patients given smoking cessation advice/counseling,100%,12 patients,al_hf-4
10019,hartselle medical center,201 pine street northwest,,,hartselle,al,35640,morgan,2567736511,acute care hospitals,proprietary,yes,pneumonia,pn-2,pneumonia patients assessed and given pneumococcal vaccination,98%,44 patients,al_pn-2
10009,hartselle medical center,201 pine street northwest,,,hartselle,al,35640,morgan,2567736511,acute care hospitals,proprietary,yes,pneumonia,pn-3b,pneumonia patients whose initial emergency room blood culture was performed prior to the administration of the first hospital dose of antibiotics,100%,30 patients,al_pn-3b
10029,hartselle medical center,201 pine street northwest,,,hartselle,al,3x640,morgan,2567736511,acute care hospitals,pxopxietaxy,yxs,pneumonia,pn-4,pneumonia patients given smoking cessation advice/counseling,100%,25 patients,al_pn-4
10009,hartselle medical center,201 pine street northwest,,,hartselle,al,35640,morgan,2567736511,acute care hospitals,proprietary,yes,pneumonia,pn-5c,pneumonia patients given initial antibiotic(s) within 6 hours after arrival,9x%,51 patients,al_pn-5c
10009,hartselle medical center,201 pine street northwest,,,hartselle,al,35640,morgan,2567736511,acute care hospitals,proxrietary,yes,pnxumonia,pn-6,pneumonia patients given the most appropriate initial antibiotic(s),100%,45 patients,al_pn-6
10009,hartselle medical center,201 pine street northwest,,,hartselle,al,35640,morgan,2567736511,acute care hospitals,proprietary,yes,pneumonia,pn-7,pneumonia patients assessed and given influenza vaccination,97%,30 patients,al_pn-7
10009,hartselle medical center,201 pine sxreex norxhwesx,,,hartselle,al,35640,morgan,2567736511,acute care hospitals,proprietary,yes,surgical infection prevention,scip-card-2,surgery patients who were taking heart drugs called beta blockers before coming to the hospital who were kept on the beta blockers during the period just before and after their surgery,67%,3 patients,al_scip-card-2
10009,hartselle medical center,201 pine street northwest,,,hartselle,al,35640,morgan,2567736511,acute care hospitals,xroprietary,yes,surgical infection prevention,scip-inf-1,surgery patients who were given an antibiotic at the right time (within one hour before surgery) to help prevent infection,100%,6 patients,al_scip-inf-1
10009,hartselle medical center,201 pine street northwest,,,hartselle,al,35640,morgan,2567736511,acute care hospitals,proprietary,yes,surgical infection prevention,scip-inf-2,surgery patients who were given the  right kind  of antibiotic to help prevent infection,x7%,7 patients,al_scip-inf-2
10009,hartselle medical center,201 pine street northwest,,,hartselle,al,35640,morgan,2567736511,acute care hospitals,pxopxietaxy,yes,surgical infection prevention,scip-inf-3,surgery patients whose preventive antibiotics were stopped at the right time (within 24 hours after surgery),80%,5 patients,al_scip-inf-3
10009,hartselle medical center,201 pine street northwest,,,hartselle,ax,35640,morgan,2567736511,acute care hospitals,proprietary,yes,surgical infection prevention,scip-inf-4,all heart surgery patients whose blood sugar (blood glucose) is kept under good control in the days right after surgery,,0 patients,al_scip-inf-4
10009,hartselle medical center,201 pine street northwest,,,hartselle,al,35640,morgan,2567736511,acute care hospitals,proprietary,yes,surgical infection prevention,scip-inf-6,surgery patients needing hair removed from the surgical area before surgery who had hair removed using a safer method (electric clippers or hair removal cream c not a razor),100%,xx patients,al_scip-inf-6
10009,hartselle medical center,201 pine street northwest,,,hartselle,ak,35640,morgan,2567736511,acute care hospitals,proprietary,yes,surgical infection prevention,scip-vte-1,surgery patients whose doctors ordered treatments to prevent blood clots after certain types of surgeries,78%,9 patients,al_scip-vte-1
10009,hartselle medical center,201 pine street northwest,,,hartselle,al,35640,morgan,2567736511,acute care hospitals,proprietary,yes,surgical infection prevention,scip-vte-2,patients who got treatment  at the right time (within 24 hours before or after their surgery) to help prevent blood clots after certain types of surgery,78%,9 patients,al_scip-vte-2
10010,marshall medical center north,8000 alabama highway 69,,,guntersville,al,35976,marshall,2565718000,acute care hospitals,government - hospital district or authority,yes,heart attack,ami-1,heart attack patients given aspirin at arrival,100%,8 patients,al_ami-1
10010,marshall medical center north,8000 alabama highway 69,,,guntersville,al,35976,marshall,2565718000,acute care hospitals,government - hospital district or authority,yes,heart attack,ami-2,heart attack patients given aspirin at discharge,100%,6xpatients,al_ami-2
10010,marshall medical center north,8000 alabama highway 69,,,guntersville,al,35976,marshall,2565718000,acute care hospitals,government - hospital district or authority,yes,heart attack,ami-3,heart attack patients given ace inhibitor or arb for left ventricular systolic dysfunction (lvsd),50%,2 patients,al_ami-3
10010,marshall medical center north,8000 alabama highway 69,,,guntersville,al,35976,marshall,2565718000,acute care hospitals,government - hospital district or authority,yes,heart attack,ami-4,heart attack patients given smoking cessation advice/counseling,100%,2 patients,al_ami-4
10010,marshall medical center north,8000 alabama highway 69,,,guntersville,al,35976,marshall,2565718000,acute care hospitals,government - hospital district or authority,yes,heart attack,ami-5,heart attack patients given beta blocker at discharge,83%,6 patients,al_ami-5
10010,marshall medical center north,8000 alabama highway 69,,,guntersville,al,35976,marshall,2565718000,acute care hospitals,government - hospital district or authority,yes,heart attack,ami-7a,heart attack patients given fibrinolytic medication within 30 minutes of arrival,,0 patients,al_ami-7a
10010,marshall medical center north,8000 alabama xigxway 69,,,guntersville,al,35976,marshall,2565718000,acute care hospitals,government - hospital district or authority,yes,heart attack,ami-8a,heart attack patients given pci within 90 minutes of arrival,,0 patients,al_ami-8a
10010,marshall medical center north,8000 alabama highway 69,,,guntersville,xl,35976,marshall,2565718000,acute care hospitals,government - hospital district or authority,yes,heart failure,hf-1,heart failure patients given discharge instructions,93%,55 patients,al_hf-1
10010,marshall medical center north,8000 alabama highway 69,,,guntersville,al,35976,marshall,2565718000,acute care hospitals,government - hospital district or authority,yes,heart failure,hf-x,heart failure patients given an evaluation of left ventricular systolic (lvs) function,84%,80 patients,al_hf-1
10010,marshall medical center north,8000 alabama highway 69,,,guntersville,al,35976,marshall,2565718000,acute care hospitals,government - hospital district or authority,yes,heart failure,hf-3,heart failure patients given ace inhibitor or arb for left ventricular systolic dysfunction (lvsd),78%,27 patients,al_hf-3
10019,marshall medical center north,8000 alabama highway 69,,,guntersville,al,35976,marshall,2565718000,acute care hospitals,government - hospital district or authority,yes,heart failure,hf-4,heart failure patients given smoking cessation advice/counseling,100%,10 patients,al_hf-4
10010,marshall medical center north,8000 alabama highway 69,,,guntersville,al,35976,marshall,2565718000,acute care hospitals,government - hospital district or authority,yes,pneumonia,pn-2,pneumonia patients assessed and given pneumococcal vaccination,87%,128 patients,al_pn-2
10010,marshall medical center north,8000 alabama highway 69,,,guntersville,al,35976,marshall,2565718000,acute care hospitals,government - hospital district or authority,yes,pneumonia,pn-3b,pneumonia patients whose initial emergency room blood culture was performed prior to the administration of the first hospital dose of antibiotics,94%,115 patients,al_pn-3b
10050,marshall medical center north,8000 alabama highway 69,,,guntersville,xl,35976,marshall,2565718000,acute care hospitals,government - hospital district or authority,yes,pneumonix,pn-4,pneumonia patients given smoking cessation advice/counseling,94%,65 patients,al_pn-4
10010,marshall medical center north,8000 alabama highway 69,,,guntersville,al,35976,marshall,2565718000,acute care hospitals,government - hospital district or authority,yes,pneumonia,pn-5c,pneumonia patients given initial antibiotic(s) within 6 hours after arrival,97%,158 patients,al_pn-5c
10010,marshall medical center north,8000 alabama highway 69,,,guntersville,al,35976,marshall,2565718000,acute care hospitals,government - hospital district or authority,yes,pneumonia,pn-6,pneumonia patients given the most appropriate initial antibiotic(s),93%,133 patients,al_pn-6
10010,marshall medical center north,8000 alabama highway 69,,,guntersville,al,35976,marshall,2565718000,acute care hospitals,government - hospital district or authority,yes,pneumonia,pn-7,pneumonia patients assessed and given influenza vaccination,90%,101 patients,al_pn-7
10010,marshall medical center north,8000 alabama highway 69,,,guntersville,al,35976,marshall,2565718000,acute care hospitals,government - hospital district or authority,yes,surgical infection prevention,scip-card-2,surgery patients who were taking heart drugs called beta blockers before coming to the hospital who were kept on the beta blockers during the period just before and after their surgery,86%,14 patients,al_scip-card-2
10010,marshall medical center north,8000 alabama highway 69,,,guntersville,al,35976,marshall,2565718000,acute care hospitals,government - hospital district or authority,yes,surgical infection prevention,scip-inf-1,surgery patients who were given an antibiotic at the right time (within one hour before surgery) to help prevent infection,95x,66 patients,al_scip-inf-1
10010,marshall medical center north,8000 alabama highway 69,,,guntersville,al,35976,marshall,2565718000,acute care hospitals,government - hospital district or authority,yes,surgical infection prevention,scip-inf-2,surgery patients who were given the  right kind  of antibiotic to help prevent infection,91%,64 patients,al_scip-inf-2
10010,marshall medical center north,8000 alabama highway 69,,,guntersville,al,35976,marshall,2565718000,acute care hospitals,government - hospital district or authority,yes,surgical infection prevention,scip-inf-3,surgery patients whose preventive antibiotics were stopped at the right time (within 24 hours after surgery),100%,63 patients,al_scip-inf-3
10010,marshall medical center north,8000 alabama highway 69,,,guntersville,al,35976,marshall,2565718000,acute care hospitals,government - hospital district or authority,yes,surgical infection prevention,scip-inx-4,all heart surgery patients whose blood sugar (blood glucose) is kept under good control in the days right after surgery,,0 patients,al_scip-inf-4
10010,marshall medical center north,8000 alabama highway 69,,,guntersville,al,35976,marshall,2565718000,acute care hospitals,government - hospital district or authority,yes,surgical infection prevention,scip-inf-6,surgery patients needing hair removed from the surgical area before surgery who had hair removed using a safer method (electric clippers or hair removal cream c not a razor),100%,155 patients,al_scip-inf-6
10010,marshall medical center north,8000 alabama highway 69,,,guntersville,al,35976,marshall,2565718000,acute care hospitals,government - hospital district or authority,yes,surgical infection prevention,scip-vte-1,surgery patients whose doctors ordered treatments to prevent blood clots after certain types of surgeries,86%,56 patients,al_scip-vte-1
10010,marshall medical center north,8000 alabama highway 69,,,guntersville,al,35976,marshall,2565718000,acute care hospitals,government - hospital district or authority,yes,surgical infection prevention,scip-vte-2,patients who got treatment  at the right time (within 24 hours before or after their surgery) to help prevent blood clots after certain types of surgery,84%,56 patients,al_scix-vte-2
10011,st vincents east,50 medical park east drive,,,birmingham,al,35235,jefferson,2058383122,acute care hospitals,voluntary non-profit - private,yes,heart attack,ami-1,heart attack patients given aspirin at arrival,99%,240 patients,al_ami-1
10011,st vincents east,50 medical park east drive,,,birmingham,al,35235,jefferson,2058383122,acute care hospitals,voluntary non-profit - private,yes,heart attack,ami-2,heart attack patients given aspirin at discharge,96%,295 patients,al_ami-2
10011,st vincents east,50 medical park east drive,,,birmingham,al,3x23x,jefferson,2058383122,acute care hospitals,voluntary non-profit - private,yes,heart attack,ami-3,heart attack patients given ace inhibitor or arb for left ventricular systolic dysfunction (lvsd),91%,70 patients,al_ami-3
10011,st vincents east,50 medical park east drive,,,birmingham,al,35235,jefferson,2058383122,acute care hospitals,voluntary non-profit - private,yes,heart attack,ami-4,heart attack patients given smoking cessation advice/counseling,100%,131 patients,al_ami-4
10011,st vincents east,50 medical park east drive,,,birmingham,al,35235,jefferson,2058383122,acute care hospitals,voluntary non-profit - private,yes,heart attack,ami-5,heart attack patients given beta blocker at discharge,99%,288 patients,al_ami-5
10011,st vincents east,50 medical park east drive,,,birmingham,al,35233,jefferson,2058383122,acute care hosxitals,voluntary non-profit - private,yes,heaxt attack,ami-7a,heart attack patients given fibrinolytic medication within 30 minutes of arrival,,0 patients,al_ami-7a
10011,st vincents east,50 medical park east drive,,,birmingham,al,35235,jefferson,2058383122,acute care hospitals,voluntary non-profit - private,yes,heart attack,ami-8a,heart attack patients given pci within 90 minutes of arrival,85%,48 patients,al_ami-8a
10011,st vincents east,50 medical park east drive,,,birmingham,al,35235,jefferson,2058383122,acute care hospitals,voluntary non-profit - private,yes,heart failure,hf-1,heart failure patients given discharge instructions,94%,316 patients,al_hf-1
10011,st vincents east,50 medical park east drive,,,birmingham,al,35235,jefferson,2058383122,acute care hospitals,voluntary non-profit - private,yes,heart failure,hf-2,heart failure patients given an evaluation of left ventricular systolic (lvs) function,98%,372 patients,al_hf-2
10011,st vincents east,50 medical park east drive,,,birmingham,al,35235,jefferson,2058383122,acute care hospitals,voluntary non-profit - private,yes,heart failure,hf-3,heart failure patients given ace inhibitor or arb for left ventricular systolic dysfunction (lvsd),98%,130 patients,al_hf-3
10011,st vincents east,50 medical park east drive,,,birmingham,al,35235,jefferson,2058383122,acute care hospitals,voluntary non-profit - private,yes,heart failure,hf-4,heart failure patients given smoking cessation advice/counseling,100%,69 patients,al_hf-4
10011,st vincents east,50 medical park east drive,,,birmingham,al,35235,jefferson,2058383122,acute care hospitals,voluntary non-profit - private,yes,pneumonia,pn-2,pneumonia patients assessed and given pneumococcal vaccination,87%,125 patients,al_pn-2
10011,st vincents east,50 medical park east drive,,,birmingham,al,35235,jefferson,2058383122,acute care hospitals,voluntary non-profit - private,yes,pneumonia,pn-3b,pneumonia patients whose initial emergency room blood culture was performed prior to the administration of the first hospital dose of antibiotics,96%,131 patients,al_pn-3b
10011,st vincents east,50 medical park east drive,,,birmingham,al,35235,jefferson,2058383122,acute care hospitals,voluntary non-profit - private,yes,pneumonia,pn-4,pneumonia patients given smoking cessation advice/counseling,100%,69 patients,al_pn-4
10011,st vincents east,50 medical park east drive,,,birmingham,al,35235,jefferson,2058383122,acute care hospitals,voluntary non-profit - private,yes,pneumonia,pn-5c,pneumonia patients given initial antibiotic(s) within 6 hours after arrival,x5%,135 patients,al_pn-5c
10011,st vincents east,50 medical park east drive,,,birmingham,al,35235,jefferson,2058383122,acute care hospitals,voluntary non-profit - private,yes,pneumonia,pn-6,pneumonia patients given the most appropriate initial antibiotic(s),91%,112 patients,al_pn-6
10011,st vincents east,50 medical park east drive,,,birmingham,al,35235,jefferson,2058383122,acute care hospitals,voluntary non-profit - private,yes,pneumonia,pn-7,pneumoniaxpatientsxassessedxandxgivenxinfluenzaxvaccination,85%,89 patients,al_pn-7
10011,st vincents east,50 medical park east drive,,,birmingham,al,35235,jefferson,2058383122,acute care hospitals,voluntary non-profit - private,yes,surgical infection prevention,scip-card-2,surgery patients who were taking heart drugs called beta blockers before coming to the hospital who were kept on the beta blockers during the period just before and after their surgery,83%,125 patients,al_scip-card-2
10011,st vincents east,50 medical park east drive,,,birmingham,al,35235,jefferson,2058383122,acute care hospitals,voluntary non-profit - private,yes,surgical infection prevention,scip-inf-1,surgery patients who were given an antibiotic at the right time (within one hour before surgery) to help prevent infection,97%,461 patients,al_scip-inf-1
x00xx,st vincents east,50 medical park east drive,,,birmingham,al,35235,jefferson,2058383122,acute care hospitals,voluntary non-profit - private,yes,surgical infection prevention,scip-inf-2,surgery patients who were given the  right kind  of antibiotic to help prevent infection,98%,473 patients,al_sxip-inf-2
10011,st vincents east,50 medical park east drive,,,birmingham,al,35235,jefferson,2058383122,acute care hospitals,voluntary non-profit - private,yes,surgical infection prevention,scip-inf-3,surgery patients whose preventive antibiotics were stopped at the right time (within 24 hours after surgery),81%,442 patients,al_scip-inf-3
10011,st vincents east,50 medical park east drive,,,birmingham,al,35235,jefferson,2058383122,acute care hospitals,voluntary non-profit - private,yes,surgical infection prevention,scip-inf-4,all heart surgery patients whose blood sugar (blood glucose) is kept under good control in the days right after surgery,60%,127 patients,al_scip-inf-4
10011,st vincents east,50 medical park east drive,,,birmingham,al,35235,jeffersxn,2058383122,acute care hospitals,volunxary non-profix - privaxe,yes,surgical infection prevention,scip-inf-6,surgery patients needing hair removed from the surgical area before surgery who had hair removed using a safer method (electric clippers or hair removal cream c not a razor),100%,601 patients,al_scip-inf-6
10011,st vincents east,50 medical park east drive,,,birmingham,al,35235,jefferson,2058x8x122,acute care hospitals,voluntary non-profit - private,yes,surgical infection prevention,scip-vte-1,surgery patients whose doctors ordered treatments to prevent blood clots after certain types of surgeries,89%,229 patients,al_scip-vte-1
10011,st vincents east,50 medical park east drive,,,birmingham,al,35235,jefferson,2058383122,acute care hospitals,voluntary nonxprofit x private,yes,surgical infection prevention,scip-vte-2,patients who got treatment  at the right time (within 24 hours before or after their surgery) to help prevent blood clots after certain types of surgery,83%,224 patients,al_scip-vte-2
10012,dekalb regional medical center,200 med center drive,,,fort payne,al,35968,de kalb,2568453150,acute care hospitals,voluntary non-profit - church,yes,heart attack,ami-1,heartxattackxpatientsxgivenxaspirinxatxarrival,100%,46 patients,al_ami-1
10012,dexalb regional medical center,200 med center drive,,,fort payne,al,35968,de kalb,2568453150,acute care hospitals,voluntary non-profit - church,yes,heart attack,ami-2,heart attack patients given aspirin at discharge,95%,39 patients,al_ami-2
10022,dexalb regional medical center,200 med center drive,,,fort payne,al,35968,dx kalb,2568453150,acute care hospitals,voluntaryxnon-profitx-xchurch,yes,heart attack,ami-3,heart attack patients given ace inhibitor or arb for left ventricular systolic dysfunction (lvsd),91%,11 patients,al_ami-3
10012,dexalb regional medical center,200 med center drive,,,fort payne,al,35968,de kalb,2568453150,acute care hospitals,voluntary non-profit - church,yes,heart attack,ami-4,heart attack patients given smoking cessation advice/counseling,100%,14 patients,al_ami-4
10012,dekalb regional medical center,200 med center drive,,,fort payne,al,35968,xe kalb,2568453150,acute care hospitals,voluntary non-profit - church,yes,heart attack,ami-5,heart attack patients given beta blocker at discharge,95%,41 patients,al_ami-5
10012,dekalb regional medical center,200 med center drive,,,fort payne,al,35968,de kalb,2568453150,acute care hospitals,voluntary non-profit - church,yes,heart attack,ami-7a,heart attack patients given fibrinolytic medication within 30 minutes of arrival,100%,1 patiexts,al_ami-7a
10012,dekalb regional medical center,200 med center drive,,,fort payne,al,35968,de kalb,2568453150,acute care hospitals,voluntary non-profit - church,yes,hexrt attxck,ami-8a,heart attack patients given pci within 90 minutes of arrival,40%,5 patients,al_ami-8a
10012,dekalb regional medical center,200 med center drive,,,fort payne,al,35968,de kalb,2568453150,acute care hospitals,voluntary non-profit - church,yes,heart failure,hf-1,heart failure patients given discharge instructions,89%,76 patients,al_hf-1
10012,dekalb regional medical center,200 med center drive,,,fort payne,al,35968,dx kalb,2568453150,acute care hospitals,voluntary non-profit - church,yes,heart failure,hf-2,heart failure patients given an evaluation of left ventricular systolic (lvs) function,100%,94 patients,al_hf-2
10012,dekalb regional medical center,200 med center drive,,,fort payxe,ax,35968,de kalb,2568453x50,acute care hospitals,voluntary non-profit - church,yes,heart failure,hf-3,heart failure patients given ace inhibitor or arb for left ventricular systolic dysfunction (lvsd),94%,36 patients,al_hf-3
10012,dexalb regional medical center,200 med center drive,,,fort payne,al,35968,de kalb,2568453150,acute care hospitals,voluntary non-profit - church,yes,heart faxlure,hf-4,heart failure patients given smoking cessation advice/counseling,100%,15 patients,al_hf-4
10012,dexalb regional medical center,200 med center drive,,,fort payne,al,35968,de kalb,2568453150,acute care hospitals,voluntary non-profit - church,yes,pneumonia,pn-2,pneumonia patients assessed and given pneumococcal vaccination,97%,69 patients,al_pn-2
10012,dekalb regional medical center,200 med center drive,,,fort payne,al,35968,de kalb,2568453150,acute care hospitals,voluntary non-profit - church,yes,pneumonia,pn-3b,pneumonia patients whose initial emergency room blood culture was performed prior to the administration of the first hospital dose of antibiotics,93%,91 patients,al_pn-3b
10012,dekalb regional medical center,200 med center drive,,,fort payne,al,359x8,de kalb,2568453150,acute care hospitals,voluntary non-profit - church,yes,xneumonia,pn-4,pneumonia patients given smoking cessation advice/counseling,100%,37 patients,al_pn-4
10011,dekalb regional medical center,200 med center drive,,,fort payne,al,35968,de kalb,2568453150,acute care hospitals,voluntary non-profit - church,yes,pneumonia,pn-5c,pneumonia patients given initial antibiotic(s) within 6 hours after arrival,99%,88 patients,al_pn-5c
10012,dekalb regional medical center,200 med center drive,,,fort payne,al,35968,de kalb,2568453150,acute care hospitals,voluntary non-profit - church,yes,pneumonia,pn-6,pneumonia patients given the most appropriate initial antibiotic(s),88%,82 patientx,al_pn-6
10012,dekalb regional medical center,200 med center drive,,,fort payne,al,35968,de kalb,2568453150,acute care hospitals,voluntary non-profit - church,yes,pneumonia,pn-7,pneumonia patients assessed and given influenza vaccination,98%,56 patients,al_pn-7
10012,dexalb regional medical center,200 med center drive,,,fort payne,al,35968,de kalb,2568453150,acute care hospitals,voluntary non-profit - church,yes,suxgical infection pxevention,scip-card-2,surgery patients who were taking heart drugs called beta blockers before coming to the hospital who were kept on the beta blockers during the period just before and after their surgery,100%,16 patients,al_scip-card-2
10012,dekalb regional medical center,200 med center drive,,,fort payne,al,35960,de kalb,2568453150,acute care hospitals,voluntary non-profit - church,yes,surgical infection prevention,scip-inf-1,surgery patients who were given an antibiotic at the right time (within one hour before surgery) to help prevent infection,9x%,139 patients,al_scip-inf-1
10012,dexalb regional medical center,200 med center drive,,,fort payne,al,35968,xe kalb,2568453150,acute care hospitals,voxuntary non-profit - church,yes,surgical infection prevention,scip-inf-2,surgery patients who were given the  right kind  of antibiotic to help prevent infection,xx%,147 patients,al_scip-inf-2
10012,dexalb regional medical center,200 med center drive,,,fort payne,al,35968,de kalb,2568453150,acute care hospitals,voluntary non-profit - church,yes,surgxcal infectxon preventxon,scip-inf-3,surgery patients whose preventive antibiotics were stopped at the right time (within 24 hours after surgery),98%,136 patients,al_scip-inf-3
10012,dexalb regional medical center,200 med center drive,,,fort payne,al,35968,de kalb,2568453150,acute care hospitals,voluntary non-profit - church,yes,surgical infection prevention,scip-inf-4,all heart surgery patients whose blood sugar (blood glucose) is kept under good control in the days right after surgery,,0 patients,al_scip-inf-4
10012,dexalb regional medical center,200 med center drive,,,fort payne,al,35968,de kalb,2568453150,acute care hospitals,voluntary non-profit - church,yes,surgical infection prevention,scip-inf-6,surgery patients needing hair removed from the surgical area before surgery who had hair removed using a safer method (electric clippers or hair removal cream c not a razor),100%,179 patients,al_scip-inf-6
10012,dekalb regional medical center,200 med center drive,,,fort payne,al,35968,de kalb,2568453150,acute care hospitals,voluntary non-profit - church,yes,surgical infection prevention,scip-vte-1,surgery patients whose doctors ordered treatments to prevent blood clots after certain types of surgeries,97%,90 patients,al_scip-vte-1
10012,dexalb regional medical center,200 med center drive,,,fort payne,al,35968,de kalb,2568453150,acute care hospitals,voluntary non-profit - church,yes,surgical infection prevention,scip-vte-2,patients who got treatment  at the right time (within 24 hours before or after their surgery) to help prevent blood clots after certain types of surgery,97%,90 patients,al_scip-vte-2
x00x5,southwest alabama medical center,33700 highway 43,,,thomasville,al,36784,clarke,3346366221,acute care hospitals,government - federal,yes,heart attack,ami-1,heart attack patients given aspirin at arrival,,0 patients,ax_ami-1
10015,southwest alabama medical center,33700 highway 43,,,thomasville,al,36784,clarke,3346366221,acute care hospitals,government - federal,yes,heart attack,ami-2,heart attack patients given aspirin at discharge,,0 patients,al_ami-2
10015,southwest alabama medical center,33700 highway 43,,,thomasville,al,36784,clarke,3346366221,acute care hospitals,government - federal,yes,heart attack,ami-3,heart attack patients given ace inhibitor or arb for left ventricular systolic dysfunction (lvsd),,0 patients,al_ami-3
10015,southwest alabama medical center,33700 highway 43,,,thomasville,al,36784,clarke,xx46x66221,acute care hospitals,governxent - federal,yes,heart attaxk,ami-4,heart attack patients given smoking cessation advice/counseling,,0 patients,al_ami-4
10015,southwest alabama medical center,33700 highway 43,,,thomasville,al,36784,clarke,3346366221,acute care hospitals,government - federal,yes,heart attack,ami-5,heart attack patients given beta blocker at discharge,,0 patients,xl_xmi-5
10015,southwest alabama medical center,33700 highway 43,,,thomasville,al,36784,clarke,3346366221,acute care hospitals,government - federal,yes,heart attack,ami-7a,heart attack patients given fibrinolytic medication within 30 minutes of arrival,,0 patients,al_ami-7a
10015,southwest alabama medical center,33700 highway 43,,,thomasville,al,36784,clarke,3346366221,acute care hospitals,government - federal,yes,heart attack,ami-8a,heart attack patients given pci within 90 minutes of arrival,,0 patients,al_ami-8a
10015,southwest alabama medical center,33700 highway 43,,,thomasville,al,36784,clarke,3346366221,acute care hospitals,government - federal,yes,heart failure,hf-1,heart failure patients given discharge instructions,100%,79 patients,al_hf-1
10015,southwest alabama medical center,33700 highway 43,,,thomasville,al,36784,xlarke,3346366221,acute care hospitals,government - federal,yes,heart failure,hf-2,heart failure patients given an evaluation of left ventricular systolic (lvs) function,89x,91 patients,al_hf-2
1xx15,southwest alabama medical center,33700 highway 43,,,thomasville,al,36784,clarke,3346366221,acute care hospitals,government - federal,yes,heart failure,hf-3,heart failure patients given ace inhibitor or arb for left ventricular systolic dysfunction (lvsd),88%,25 patients,al_hf-3
10015,southwest alabama medical center,33700 highway 43,,,thomasville,al,36784,clarke,3346366221,acute care hospitals,government - federal,yes,heart failure,hf-4,heart failure patients given smoking cessation advice/counseling,88%,17 patients,al_hf-4
10015,southwest alabama medical center,33700 highway 43,,,thomasville,al,36784,clarke,3346366221,acute care hospitals,government - federal,yes,pneumonia,pn-2,pneumonia patients assessed and given pneumococcal vaccination,92%,25 patients,al_pn-2
10015,southwest alabama medical center,33700 highway 43,,,thomasville,xl,36784,clarke,3346366221,acute care hospitals,government - federal,yes,xneumonia,pn-3b,pneumonxa patxents whose inxtxal emergency room blood culture was performed prxor to the admxnxstratxon of the fxrst hospxtal dose of antxbxotxcs,x6%,24 patients,al_pn-3b
10015,southwest alabama medical center,33700 highway 43,,,thomasville,al,36784,clarke,3346366221,acute care hospitals,government - federal,yes,pneumonia,pn-4,pneumonia patients given smoking cessation advice/counseling,100%,6 patients,ak_pn-4
10045,southwest alabama medical center,33700 highway 43,,,thomasville,al,36784,clarke,3346366221,acute care hospitals,government - federal,yes,pneumonia,pn-5c,pneumonia patients given initial antibiotic(s) within 6 hours after arrival,96%,24 patients,al_pn-5c
10015,southwest alabama medical center,33700 highway 43,,,thomasville,al,36784,clarke,3346366221,acute care hospitals,government - federal,yes,pneumonia,pn-6,pneumonia patients given the most appropriate initial antibiotic(s),100%,26 patients,al_pn-6
10015,southwest alabama medical center,33700 hxghway 43,,,thomasville,al,36784,clarke,3346366221,acute care hospitals,government - federal,yes,pneumonia,pn-7,pneumonia patients assessed and given influenza vaccination,92%,24 patients,al_pn-7
10015,southwest alabama medical center,33700 highway 43,,,thomasville,al,36784,clarke,334x3xx221,acute care hospitals,government - federal,yes,surgical infection prevention,scip-card-2,surgery patients who were taking heart drugs called beta blockers before coming to the hospital who were kept on the beta blockers during the period just before and after their surgery,,,al_scip-card-2
10015,southwest alabama medical center,33700 highway 43,,,thomasville,al,36784,clarke,3346366221,acute care hospitals,government - federal,yes,surgical infection prevention,scip-inf-1,surgery patients who were given an antibiotic at the right time (within one hour before surgery) to help prevent infection,86%,14 patients,al_scip-inf-1
10015,southwest alabama medical center,33700 highway 43,,,thomasville,al,36784,clarke,3346366221,acute care hospitals,government - federal,yes,surgical infection prevention,scip-inf-2,surgery patients who were given the  right kind  of antibiotic to help prevent infection,93%,14 patients,al_scip-inf-2
10015,southwest alabama medical center,33700 highway x3,,,thomasville,al,36784,clarke,3346366221,acute care hospitals,government - federal,yes,surgical infection prevention,scip-inf-3,surgery patients whose preventive antibiotics were stopped at the right time (within 24 hours after surgery),86%,14 patients,al_scip-inf-3
10015,southwest alabama medical center,33700 highway 43,,,thomasville,al,36784,clarke,3346366221,acute care hospitals,government - federal,yes,surgical infection prevention,scip-inf-4,all heart surgery patients whose blood sugar (blood glucose) is kept under good control in the days right after surgery,,0 patients,al_scip-inf-4
10015,southwest alabama medical center,33700 highway 43,,,thomasville,al,36784,clarke,3346366221,acuxe care hospixals,government - federal,yes,surgical infection prevention,scip-inf-6,surgery patients needing hair removed from the surgical area before surgery who had hair removed using a safer method (electric clippers or hair removal cream c not a razor),100%,15 patients,al_scip-inf-6
10015,southwest alabama medical center,33700 highway 43,,,thomasville,al,x6784,clarke,3346366221,acute care hospitals,government - federal,yes,surgical infection prevention,scip-vte-1,surgery patients whose doctors ordered treatments to prevent blood clots after certain types of surgeries,90%,10 patients,al_scip-vte-1
10015,southwest alabama medical center,33700 highway 43,,,thomasville,al,36784,clarke,3346366221,acute care hospitals,government - federal,yes,surgical infection prevention,scip-vte-2,patients who got treatment  at the right time (within 24 hours before or after their surgery) to help prevent blood clots after certain types of surgery,90%,10 patients,al_scip-vte-2
10016,shelby baptist medical center,1000 first street north,,,alabaster,al,35007,shelby,2056208100,acute care hospitals,voluntary non-profit - church,yes,heart attack,ami-1,heart attack patients given aspirin at arrival,99%,179 patients,al_axi-1
10016,shelby baptist medical center,1000 first street north,,,alabaster,al,35007,shelby,2056208100,acute care hospitals,voluntary non-profit - church,yes,heart attack,ami-2,heart attack patients given aspirin at discharge,97%,208 patients,al_ami-2
10016,shelby baptist medical center,1000 first street north,,,alabaster,al,35007,shelby,2056208100,acute care hospitals,voluntary non-profit - church,yes,heart attack,ami-3,heart attack patients given ace inhibitor or arb for left ventricular systolic dysfunction (lvsd),100%,30 patients,al_ami-3
10016,shelby baptist medical center,1000 first street north,,,alabaster,al,35007,shelby,2056208100,acute care hospitals,voluntary non-profit - church,yes,heart attack,ami-4,heart attack patients given smoking cessation advice/counseling,100%,98 patients,al_ami-4
1xx16,shelby baptist medical center,1000 first street north,,,alabaster,ax,35007,shelby,2056208100,acute care hospitals,voluntary non-profit - church,yes,heart attack,ami-5,heart attack patients given beta blocker at discharge,97%,169 patients,al_ami-5
10016,shelby baptist medical center,1000 first street north,,,alabaster,al,35007,shelby,2056208100,acute care hospitals,voluntary non-profit - church,yes,heart attack,ami-7a,heart attack patients given fibrinolytic medication within 30 minutes of arrival,,0 patients,al_ami-7a
10012,shelby baptist medical center,1000 fixst stxeet noxth,,,alabaster,al,35007,shelby,2056208100,acute care hospitals,voluntary non-profit - church,yes,heart attack,ami-8a,heart attack patients given pci within 90 minutes of arrival,83%,36 patients,al_ami-8a
10016,shelby baptist medical center,1000 first street north,,,alabaster,al,35007,shelby,2056208100,acute care hospitals,voluntary non-profit - church,yes,heart failure,hf-1,heart failure patients given discharge instructions,86%,210 patients,al_hf-1
10016,shelby baptist medical center,1000 first street north,,,alabaster,al,35007,shelby,2056208100,acute care hospitals,voluntary non-profit - church,yes,heart failure,hf-2,heart failure patients given an evaluation of left ventricular systolic (lvs) function,100%,246 patients,al_hf-2
10016,shelby baptist medical center,1000 first street north,,,alabaster,xl,35007,shelby,2056208100,acute care hospitals,voluntary non-profit - church,yes,heart failure,hf-3,heart failure patients given ace inhibitor or arb for left ventricular systolic dysfunction (lvsd),97%,71 patients,al_hf-3
10016,shelby baptist medical center,1000 first street north,,,alabaster,al,35007,shelby,2056208100,acute care hospitals,voluntary non-profit - church,yes,xeart failure,hf-4,heart failure patients given smoking cessation advice/counseling,100%,48 patients,al_hf-4
10016,shelby baptist medical center,1000 first street north,,,alabaster,al,35007,shelby,2056208100,acute care hospitals,voluntary non-profit - church,yes,pneumonia,pn-2,pneumonia patients assessed and given pneumococcal vaccination,97%,235 patients,al_pn-2
10016,shelby baptist medical center,1000 first street north,,,alabaster,al,35007,shelby,2056208100,acute care hospitals,voluntary non-profit - church,yes,pneumonia,pn-3b,pnxumonia patixnts whosx initial emxrgxncy room blood culturx was pxrformxd prior to thx administration of thx first hospital dosx of antibiotics,100%,110 patients,al_pn-3b
10016,shelby baptist medical center,1000 first street north,,,alabaster,al,35007,shelby,2056208100,acute care hospitals,voluntary non-profit - church,yes,pneumonia,pn-4,pneumonia patients given smoking cessation advice/counseling,100%,131 patients,al_pn-7
10016,shelby baptist medical center,1000 first street north,,,alabaster,al,3x007,shelby,2056208100,acute care hospitals,voluntary non-profit - church,yes,pneumonia,pn-5c,pneumonia patients given initial antibiotic(s) within 6 hours after arrival,96%,239 patients,al_pn-5c
10016,shelby baptist medical center,1000 first street north,,,alabaster,al,35007,shelby,2056208100,acute care hospitals,voluntary non-profit - church,yes,pneumonia,pn-6,pneumonia patients given the most appropriate initial antibiotic(s),93%,116 patients,al_pn-6
10016,shelby baptist medical center,1000 first street north,,,alabaster,al,35007,shelby,2056208100,acute care hospitals,voluntary non-profit - church,yes,pneumonia,pn-7,pneumonia patients assessed and given influenza vaccination,92%,199 patients,al_pn-7
10016,shelby baptist medical center,1000 first street north,,,alabaster,al,35007,shelby,2056208100,acute care hospitals,voluntary non-profit - church,yes,surgical infection prevention,scip-card-2,surgery patients who were taking heart drugs called beta blockers before coming to the hospital who were kept on the beta blockers during the period just before and after their surgery,89%,96 patients,al_scip-card-2
10016,shelby baptist medical center,1000 first street north,,,alabaster,al,35007,shelby,2056208100,acute care hospitals,voluntary non-profit - church,yes,surgical infection prevention,scip-inf-1,surgery patients who were given an antibiotic at the right time (within one hour before surgery) to help prevent infection,98%,368 patients,al_scip-inf-1
10016,shelby baptist medical center,1000 first street north,,,alabaster,al,35007,shelby,2056208100,acute care hospitals,voluntary non-profit - church,yes,surgical infection prevention,scip-inf-2,surgery patients who were given the  right kind  of antibiotic to help prevent infection,99%,370 patients,al_scip-inf-2
10016,shelby baptist medical center,1000 first street north,,,alabaster,al,35007,shelby,2056208100,acute care hospitals,voluntary non-profit - church,yes,surgical infection prevention,scip-inf-3,surgery patients whose preventive antibiotics were stopped at the right time (within 24 hours after surgery),91%,331 patients,al_scip-inf-3
10016,shelby baptist medical center,1000 first street north,,,alabaster,xl,x5007,shelby,2056208100,acute care hospitals,voluntary non-profit - church,yes,surgical infection prevention,scip-inf-4,all heart surgerx patients whose blood sugar (blood glucose) is kept under good control in the daxs right after surgerx,93%,116 patients,al_scip-inf-4
10016,shelby baptist medical center,1000 first street north,,,alabaster,al,35007,shelby,2056208100,acute care hospitals,voluntary non-profit - church,yes,surgical infection prevention,scip-inf-6,surgery patients needing hair removed from the surgical area before surgery who had hair removed using a safer method (electric clippers or hair removal cream c not a razor),100%,588 patients,al_scip-inf-6
10016,shelby baptist medical center,1000 first street north,,,alabaster,al,35007,shelby,2056208100,acute care hospitals,voluntary non-profit - church,yes,surgical infection prevention,scip-vte-1,surgery patients whose doctors ordered treatments to prevent blood clots after certain types of surgeries,97%,226 patients,al_scip-vte-1
10016,shelby baptist medical center,1000 first street north,,,alabaster,al,35007,shelby,2056208100,acuxe care hospixals,voluntary non-profit - church,yes,surgical infection prevention,scip-vte-2,patients who got treatment  at the right time (within 24 hours before or after their surgery) to help prevent blood clots after certain types of surgery,94%,225 patients,al_scip-vte-2
10018,callahan eye foundation hospital,1720 university blvd,,,birmingham,al,35233,jefferson,2053258100,acute care hospitals,voluntary non-profit - private,yes,heart attack,ami-1,heart attack patients given aspirin at arrival,,,al_ami-1
10018,callahan eye foundation hospital,1720 univxrsity blvd,,,birmingham,al,35233,jefferson,2053258100,acute care hospitals,voluntary non-profit - private,yes,heart attack,ami-2,heart attack patients given aspirin at discharge,,,al_ami-2
10018,callahan eye foundation hospital,1720 university blvd,,,birmingham,al,35233,jefferson,2053258100,acute care hospitals,voluntary non-profit - private,yes,heart attack,ami-3,heart attack patients given ace inhibitor or arb for left ventricular systolic dysfunction (lvsd),,,al_ami-3
10018,callahan eye foundation hospital,1720 university blvd,,,birmingham,al,35233,jefferson,2053258100,acute care hospitals,voluntary non-profit - private,yes,heart attack,ami-4,heart attack patients given smoking cessation advice/counseling,,,al_ami-4
10018,callahan eye foundation hospital,1720 university blvd,,,birmingham,al,35233,jefferson,2053258100,acute care hospitals,voluntary non-profit - private,yes,heart attack,ami-5,heart attack patients given beta blocker at discharge,,,al_ami-5
10018,callahan eye foundation hospital,1720 university blvd,,,birmingham,ak,35233,jefferson,2053258100,acute care hospitals,voluntary non-profit - private,yes,heart attack,ami-7a,heart attack patients given fibrinolytic medication within 30 minutes of arrival,,,al_ami-7a
10018,callahan eye foundation hospital,1720 university blvd,,,birmingham,xl,35233,jefferson,2053258100,acute care hospitals,voluntary non-profit - private,yes,heart attack,ami-8a,heart attack patients given pci within 90 minutes of arrival,,,al_ami-8a
10018,callahan eye foundation hospital,1720 university blvd,,,birmingham,al,35233,jefferson,2053258100,acute care hospitals,voluntary non-profit - private,yes,heart failure,hf-1,heart failure patients given discharge instructions,,,al_hf-1
10010,callahan eye foundation hospital,1720 university blvd,,,birmingham,al,35233,jefferson,2053258100,acute care hospitals,voluntary non-profit - private,yes,heart failure,hf-2,heart failure patients given an evaluation of left ventricular systolic (lvs) function,,,al_hf-2
10018,callahan eye foundation hospital,1720 university blvd,,,birmingham,al,35233,jefferson,2053258100,acute care hospitals,voluntary non-profit - private,yes,heart failure,hf-3,heart failure patients given ace inhibitor or arb for left ventricular systolic dysfunction (lvsd),,,al_hf-3
10018,callahan eye foundation hospital,1720 university blvd,,,birmingham,al,35233,jefferson,2053258100,acute care hospitals,voluntary non-profit - private,yes,heart failure,hf-4,heart failure patients given smoking cessation advice/counseling,,,al_hf-4
10018,callahan eye foundation hospital,1720 university blvd,,,birmingham,al,35233,jefferson,2053258100,acute care hospitals,voluntary non-profit - private,yes,pneumonia,pn-2,pneumonia patients assessed and given pneumococcal vaccination,,,al_pn-2
10018,callahan eye foundation hospital,1720 university blvd,,,birmingham,al,35233,jefferson,2053258100,acute care hospitals,voluntary non-profit - private,yes,pneumonia,pn-3b,pneumonia patients whose initial emergency room blood culture was performed prior to the administration of the first hospital dose of antibiotics,,,al_pn-3b
10018,callahan eye foundation hospital,1720 university blvd,,,birmingham,al,35233,jefferson,2053258100,acute care hospitals,voluntary non-profit - private,yes,pneumonia,pn-4,pneumonia patients given smoking cessation advice/counseling,,,al_pn-4
10018,callahan eye foundation hospital,1720 university blvd,,,birmingham,al,35233,jefferson,2053258100,acute care hospitals,voluntary non-profit - private,yes,pneumonia,pn-5c,pneumonia patients given initial antibiotic(s) within 6 hours after arrival,,,al_pn-5c
10018,callahan eye foundation hospital,1720 university blvd,,,birmingham,al,35233,jefferson,2053258100,acute care hospitals,voluntary non-profit - private,yes,pneumonia,pn-6,pneumonia patients given the most appropriate initial antibiotic(s),,,al_pn-6
10018,callahan eye foundation hospital,1720 university blvd,,,birmingham,al,35233,jefferson,2053258100,acute care hospitals,voluntary non-profit - private,yes,pneumonia,pn-7,pneumonia patients assessed and given influenza vaccination,,,al_pn-7
10038,stringfellow memorial hospital,301 east 18th st,,,axxistox,al,36201,calhoun,2562358900,acute care hospitals,proprietary,yes,children s asthma care,cac-2,children who received systemic corticosteroid medication (oral and iv medication that reduces inflammation and controls symptoms) while hospitalized for asthma,100%,9 patients,al_cac-2
10038,stringfellow memorial hospital,301 east 18th st,,,anniston,al,36201,calhoxn,2562358900,acute care hospitals,proprietary,yes,children s asthma care,cac-3,children and their caregivers who received a home management plan of care document while hospitalized for asthma,33%,9 patients,al_cac-3
10038,stringfellow memorial hospital,301 east 18th st,,,anniston,al,36201,calhoun,2562358900,acute care hospitals,prxprietary,yes,heart attack,ami-1,heart attack patients given aspirin at arrival,98%,81 patients,al_ami-1
10038,stringfellow memorial hospital,301 east 18th st,,,anniston,al,36201,calhoun,2562358900,acute care hospitals,proprietary,yes,heart attack,ami-2,heart attack patients given aspirin at discharge,96%,73 patients,al_ami-2
10038,stringfellow memorial hospital,301 east 18th st,,,anniston,al,36201,calhoun,2562358900,acute care hospitals,proprietary,yes,heart attack,ami-3,heart attack patients given ace inhibitor or arb for left ventricular systolic dysfunction (lvsd),93%,14 patients,al_ami-3
10038,stringfellow memorial hospital,301xeastx18thxst,,,anniston,al,36201,calhoun,2562358900,acute care hospitals,proprietary,yes,heart attack,ami-4,heart attack patients given smoking cessation advice/counseling,100%,29 xatients,al_ami-4
10038,stringfellow memorial hospital,301 east 18th st,,,anniston,al,36201,calhoun,2562358900,acute care hospitals,proprietary,yes,heart attack,ami-5,heart attack patients given beta blocker at discharge,93%,67 patients,al_ami-5
10038,stringfellow memorial hospital,301 east 18th st,,,anniston,al,36201,calhoun,2562358900,acute care hospitals,proprietary,xes,heart attack,ami-7a,heart attack patients given fibrinolytic medication within 30 minutes of arrival,0%,1 patients,al_ami-7a
10038,stringfellow memorial hospital,301 east 18th st,,,anniston,al,36201,calhoun,2562358900,acute care hospitals,proprietary,yes,heart attack,ami-8a,heart attack patients given pci within 90 minutes of arrival,87%,15 patients,al_ami-8a
10038,stringfellow memorial hospital,301 east 18th st,,,anniston,al,36201,calhoun,2562358900,acute care hospitals,proprietary,yes,heart failure,hf-1,heart failure patients given discharge instructions,87%,142 patients,al_hf-1
10038,stringfellow memorial hospital,301 east 18th st,,,anniston,al,36201,calhoun,2562358900,acute care hospitals,proprietary,yes,heart failure,hf-2,heart failure patients given an evaluation of left ventricular systolic (lvs) function,100%,157 patients,al_hf-2
10038,stringfellow memorial hospital,301 east 18th st,,,anniston,al,36201,calhoun,2562358900,acute care hospitals,proprietary,yes,heart failure,hf-3,heart failure patients given ace inhibitor or arb for left ventricular systolic dysfunction (lvsd),90%,49 patients,al_hf-3
10038,stringfellow memorial hospital,301 east 18th st,,,anniston,al,36201,calhoxn,2562358900,acute care hospitals,proprietary,yes,heart failure,hf-4,heart failure patients given smoking cessation advice/counseling,100%,41 patients,al_hf-4
10038,stringfellow memorial hospital,301 east 18th st,,,anniston,al,36x01,caxhoun,2562358900,acute care hospitals,proprietary,yes,pneumonia,pn-2,pneumonia patients assessed and given pneumococcal vaccination,97%,110 patients,al_pn-2
10038,stringfellow memorial hospital,301 east 18th st,,,anniston,al,36x01,calhoun,2562358900,acute care hospitals,proprietary,yes,pneumonia,pn-3b,pneumonia patients whose initial emergency room blood culture was performed prior to the administration of the first hospital dose of antibiotics,100%,102 patients,al_pn-3b
10038,stringfellow memorial hospital,301 east 18th st,,,anniston,al,36201,calhoun,2562358900,acute care hospitals,proprietary,yes,pneumonia,pn-4,pneumonia patients given smoking cessation advice/counseling,100%,83 patients,al_pn-4
10038,stringfellow memorial hospital,301 east 18th st,,,anniston,al,36201,calhoun,2562358900,acute care hospitals,proprietary,yex,pneumonia,pn-5c,pneumonia patients given initial antibiotic(s) within 6 hours after arrival,97%,145 patients,al_pn-5c
10038,stringfellow memorial hospital,301 east 18th st,,,anniston,al,36201,calhoun,2562358900,acute care hospitals,proprietary,yes,pneumonia,pn-6,pneumonia patients given the most appropriate initial antibiotic(s),92%,99 patients,al_pn-6
10035,stringfellow memorial hospital,301 east 18th st,,,anniston,al,36201,calhoun,2562358900,acute care hospitals,proprietary,yes,pneumonia,pn-7,pneumonia patients assessed and given influenza vaccination,91%,87 patients,al_pn-7
10038,stringfellow memorial hospital,301 east 18th st,,,anniston,al,36201,calhoun,2562358900,acute care hospitals,proprietary,yes,surgical infection prevention,scip-card-2,surgery patients who were taking heart drugs called beta blockers before coming to the hospital who were kept on the beta blockers during the period just before and after their surgery,83%,23 patients,al_scip-card-2
10055,flowers hospital,4370 west main street,,,dothan,al,36305,houston,3347935000,acute care hospitals,proprietary,yes,heart failure,hf-2,heart failure patients given an evaluation of left ventricular systolic (lvs) function,100%,342 patients,al_hf-2
10055,flowers hospital,4370 west main street,,,dothan,al,3x305,houston,3347935000,acute care hospitals,proxrietary,yex,heart failure,hf-3,heart failure patients given ace inhibitor or arb for left ventricular systolic dysfunction (lvsd),100%,94 patients,al_hf-3
10055,flowers hospital,4370 west main street,,,dothan,al,36305,houston,3347935000,acute care hospitals,proprietary,yes,heart failure,hf-4,heart failure patients given smoking cessation advice/counseling,100%,62 patients,al_hf-4
10055,flowers hospital,4370xwestxmainxstreet,,,dothan,xl,36305,houston,3347935000,acute care hospitals,proprietary,yes,pneumonia,pn-2,pneumonia patients assessed and given pneumococcal vaccination,100%,166 patients,al_pnx2
10055,flowers hospital,4370 west main street,,,dothan,al,36305,houston,3347935000,acute care hospitals,proprietary,yes,pneumonia,pn-3b,pneumonia patients whose initial emergency room blood culture was performed prior to the administration of the first hospital dose of antibiotics,100%,152 patients,al_pn-3b
10055,flowers hospital,4370 west main street,,,dothan,al,36305,houston,3347935000,acute care hospitals,proprietary,yes,pneumonia,pn-4,pneumonia patients given smoking cessation advice/counseling,x00%,77 patients,al_pn-4
10055,floxers hospital,4370 west main street,,,dothan,al,36305,houston,3347935000,acute care hospitals,proprietary,yes,pneumonia,pn-5c,pneumonia patients given initial antibiotic(s) within 6 hours after arrival,99%,146 patients,al_pn-5c
10055,flowers hospital,4370 west main street,,,dothan,al,36305,houston,3347935000,acute care hospitals,proprietary,yes,pneumonia,pn-6,pneumonia patients given the most appropriate initial antibiotic(s),99%,112 patients,al_pn-6
10055,flowers hospital,4370 west main street,,,dothan,al,36305,houston,3347935000,acute care hospitals,proprietary,yes,pneumonia,pn-7,pneumonia patients assessed and given influenza vaccination,99%,128 patients,al_pn-7
10055,flowers hospital,4370 west main street,,,dothan,al,x6x05,houston,3347935000,acute care hospitals,proprietary,yes,surgical infection prevention,scip-card-2,surgery patients who were taking heart drugs called beta blockers before coming to the hospital who were kept on the beta blockers during the period just before and after their surgery,100%,147 patients,al_scip-card-2
10055,flowers hospital,4370 west main street,,,dothan,al,36305,houston,3347935000,acute care hospitals,proprietary,yes,surgical infection prevention,scip-inf-1,surgery patients who were given an antibiotic at the right time (within one hour before surgery) to help prevent infection,100%,950 patients,al_scip-inf-1
10055,flowers hospital,4370 west main street,,,dothan,al,36305,houston,xx479x5000,acute care hospitals,proprietary,yes,surgical infection prevention,scip-inf-2,surgery patients who were given the  right kind  of antibiotic to help prevent infection,100%,957 patients,al_scip-inf-2
10055,flowers hospital,4370 west main street,,,dothan,al,36302,houston,3347935000,acute care hospitals,proprietary,yes,surgical infection prevention,scip-inf-3,surgery patients whose preventive antibiotics were stopped at the right time (within 24 hours after surgery),99%,882 patients,al_scip-inf-3
10055,flowers hospital,4370 west main street,,,dothan,al,36305,houston,3347935000,acute care hospitals,proprietary,yes,surgical infection prevention,scip-inf-4,all heart surgery patients whose blood sugar (blood glucose) is kept under good control in the days right after surgery,98%,165 patients,al_scip-inf-4
10055,flowers hospital,4370 west main street,,,dothan,ak,36305,houston,3347935000,acute care hospitals,proprietary,yes,surgical infection prevention,scip-inf-6,surgery patients needing hair removed from the surgical area before surgery who had hair removed using a safer method (electric clippers or hair removal cream c not a razor),100%,1295 patients,al_scip-inf-6
10055,flowers hospital,4370 west main street,,,dothan,al,36305,housxon,3347935000,acute care hospitals,proprietary,yes,surgical infection prevention,scip-vte-1,surgery pxtients whose doctors ordered trextments to prevent blood clots xfter certxin types of surgeries,100%,497 patients,al_scip-vte-1
10055,flowers hospital,4370 west main street,,,dothan,al,36305,houston,3347935000,acute care hospitals,proprietary,yes,surgical infection prevention,scip-vte-2,patients who got treatment  at the right time (within 24 hours before or after their surgery) to help prevent blood clots after certain types of surgery,100%,497 patients,al_scipxvtex2
10056,st vincents hospital,810 st vincents drive,,,birmingham,al,35205,jefferson,2059397000,acute care hospitals,voluntary non-profit - other,yes,heart attack,ami-1,heart attack patients given aspirin at arrival,97%,239 patients,al_ami-1
10056,st vincents hospital,810 st vincents drive,,,birmingham,al,35205,jefferson,2059397000,acute care hospitals,voluntary non-profit - other,yes,heart attack,amix2,heart attack patients given aspirin at discharge,98%,260 patients,al_ami-2
10056,st vincents hospital,810 st vxncents drxve,,,birmingham,al,35205,jefferson,2059397000,acute care hospitals,voluntary non-profit - other,yxs,heart attack,ami-3,heart attack patients given ace inhibitor or arb for left ventricular systolic dysfunction (lvsd),85%,41 patients,al_ami-3
10056,st vincents hospital,810 st vincents drive,,,birmingham,al,35205,jefferson,2059397000,acute care hospitals,voluntary non-profit - other,yes,heart attack,ami-4,heart attack patients given smoking cessation advice/counseling,100%,63 patients,al_ami-4
10056,st vincents hospital,810 st vincents drive,,,birmingham,al,35205,jefferson,2059397000,acute care hospitals,voluntary non-profit - other,xes,heart attack,ami-5,heart attack patients given beta blocker at discharge,96%,242 patients,al_ami-5
10085,decatur general hospital,1201 7th street se,,,decatur,al,35609,morgan,2563412000,acute care hospitals,government - hospital district or authority,yes,surgical infection prevention,scip-vte-2,patients who got treatment  at the right time (within 24 hours before or after their surgery) to help prevent blood clots after certain types of surgery,87%,205 patients,al_scip-vte-2
10086,northwest medical center,1530 u s highway 43,,,winfield,al,35594,marion,2054877736,acute care hospitals,proprietary,yes,heart attack,ami-1,heart attack patients given aspirin at arrival,100%,1x patients,al_ami-2
10086,northwest medical center,1530 u s highway 43,,,winfield,al,35594,marion,2054877736,acute care hospitals,proprietary,yes,heart attack,ami-2,heart attack patients given aspirin at discharge,100%,7 patients,al_ami-2
10086,northwest medical center,1530 u s highway 43,,,winfield,ax,35594,marion,2054877736,acute care hospitals,prxprietary,yes,heart attack,ami-3,heart attack patients given ace inhibitor or arb for left ventricular systolic dysfunction (lvsd),100%,2 patients,al_ami-3
10086,northwest medical center,1530 u s highway 43,,,winfield,al,35594,marion,2054877736,acute care hospitals,proprietary,yes,heart attack,ami-4,heart attack patients given smoking cessation advice/counseling,100%,1 patients,al_ami-4
10086,northwest medical center,1530 u s highway 43,,,winfield,al,35594,marion,2054877736,acute care hospitals,proprietary,yes,heart attack,ami-5,heart attack patients given beta blocker at discharge,100%,8 patients,al_ami-5
10086,northwest medical center,1530 u s highway 43,,,winfield,al,35594,marion,2054877736,acute care hospitals,proprietary,yes,heart attack,ami-7a,heart attack patients given fibrinolytic medication within 30 minutes of arrival,0%,1 patients,al_ami-7a
100x6,northwest medical center,1530 u s highway 43,,,winfield,al,35594,marion,2054877736,acute care hospitals,proprietary,yes,heart attack,ami-8a,heart attack patients given pci within 90 minutes of arrival,,0 patients,al_ami-8a
10086,northwest medical center,1530 u s highway 43,,,winfield,al,35594,marion,2054877736,acute care hospitals,proprietary,yes,heart failure,hf-1,heart failure patients given discharge instructions,90%,48 patients,al_hf-1
10086,northwest medical center,1530 u s highway 43,,,winfield,al,35594,marion,2054877736,acute care hospitals,proprietary,yes,heart failure,hf-2,heart failure patients given an evaluation of left ventricular systolic (lvs) function,100%,59 patients,al_hf-2
10086,northwest medical center,1530xuxsxhighwayx43,,,winfield,al,35594,marion,2054877736,acute care hospitals,proprietary,yes,heart failure,hf-3,heart failure patients given ace inhibitor or arb for left ventricular systolic dysfunction (lvsd),85%,13 patients,al_hf-3
10086,northwest medical center,1530 u s highway 43,,,winfield,al,35594,marion,2054877736,acute care hospitals,proprietary,yes,heart failure,hf-4,heart failure patients given smoking cessation advice/counseling,100%,14 patients,al_hf-4
10086,northwest medical center,1530 u s highway 43,,,winfield,al,35594,marion,2054877736,acute care hospitals,proprietary,yes,pneumonia,pn-2,pneumonia patients assessed and given pneumococcal vaccination,91%,66 patients,al_pn-2
10086,northwest medical center,1530 u s highway 43,,,winfield,al,3xx94,marion,2054877736,acute care hospitals,proprietary,yes,pnxumonia,pn-3b,pneumonia patients whose initial emergency room blood culture was performed prior to the administration of the first hospital dose of antibiotics,98%,59 patients,al_pn-3b
10086,northwest medical center,1530 u s highway 43,,,winfield,al,35594,marion,2054877736,acute care hospitals,proprietary,yes,pneumonia,pn-4,pneumonia patients given smoking cessation advice/counseling,98%,40 patients,al_pn-4
10086,northwest medical center,1530 u s highway 43,,,winfield,al,35594,marion,2054877736,acute care hospitals,proprietary,yes,pneumonia,pn-5c,pneumonia patients given initial antibiotic(s) within 6 hours after arrival,100%,85 patients,al_pn-5c
10086,northwest medical center,1530 u s highway 43,,,winfield,al,35594,marion,2054877736,acute care hospitals,proprietary,yes,pnexmonia,pn-6,pneumonia patients given the most appropriate initial antibiotic(s),100%,62 patients,al_pn-6
10086,northwest medical center,1530 u s highway 43,,,winfield,al,35594,marion,2054877736,acute care hospitals,proprietary,yes,pneumonia,pn-7,pneumonia patients assessed and given influenza vaccination,82%,45 patients,alxpn-7
10086,northwest medical center,1530 u s highway 43,,,winfield,al,35594,marion,2054877736,acute care hospitals,proprietary,yes,surgical infection prevention,scip-card-2,surgery patients who were taking heart drugs called beta blockers before coming to the hospital who were kept on the beta blockers during the period just before and after their surgery,89%,19 patients,al_scip-card-2
10086,northwest medical center,1530 u s highway 43,,,winfield,al,35594,marion,2054877736,acute care hospitals,proprietary,yes,surgical infection prevention,scip-inf-1,surgery patients who were given an antibiotic at the right time (within one hour before surgery) to help prevent infection,98%,102 patients,al_scip-inf-1
10086,northwest medical center,1530 u s highway 43,,,winfield,al,35594,marion,2054877736,acute care hospitals,proprietary,yes,surgical infection prevention,scip-inf-2,surgery patients who were given the  right kind  of antibiotic to help prevent infection,99%,103 patients,al_sxip-inf-2
10086,northwest medical center,1530 u s highway 43,,,winfield,al,35594,marion,2054877736,acute care hospitals,proprietary,yex,surgical infection prevention,scip-inf-3,surgery patients whose preventive antibiotics were stopped at the right time (within 24 hours after surgery),94%,98 patients,al_scip-inf-3
10086,northwest medical center,1530 u s highway 43,,,winfield,al,3xx94,marion,2054877736,acute care hospitals,proprietary,yes,surgical infection prevention,scip-inf-4,all heart surgery patients whose blood sugar (blood glucose) is kept under good control in the days right after surgery,,0 patients,al_scip-inf-4
10086,northwest medical center,1530 u s highway 43,,,winfield,al,35594,marion,2054877736,acute care hospitals,proprietary,yes,surgical infection prevention,scip-inf-6,surgery patients needing hair removed from the surgical area before surgery who had hair removed using a safer method (electric clippers or hair removal cream c not a razor),100%,146 patients,al_scip-inf-6
10086,northwest medical center,1530 u s highway 43,,,winfield,al,35594,marion,2054877736,acute care hospitals,proprietary,yes,surgical infection prevention,scip-vte-1,surgery patients whose doctors ordered treatments to prevent blood clots after certain types of surgeries,95%,58 patients,al_scip-vte-1
10086,northwest medical center,1530 u s highway 43,,,winfield,al,35594,marion,2054877736,acute care hospitals,proprietary,yes,surgical infection prevention,scip-vte-2,patients who got treatment  at the right time (within 24 hours before or after their surgery) to help prevent blood clots after certain types of surgery,x5%,58 patients,al_scix-vte-2
10087,univ of south alabama medical center,2451 fillingim street,,,mobile,al,36617,mobile,2514717110,acute care hospitals,government - state,yes,heart attack,ami-1,heart attack patients given aspirin at arrival,99%,86 patients,al_ami-1
10087,univ of south alabama medical center,2451 fillingim street,,,mobile,al,36617,mobile,2514717110,acute care hospitals,government - state,yes,heart attack,ami-2,heaxt attack patients given aspixin at dischaxge,97%,91 patients,al_ami-2
10047,univ of south alabama medical center,2451 fillingim street,,,mobile,al,36617,mobile,25x47x7xx0,acute care hospitals,government - state,yes,heart attack,ami-3,heart attack patients given ace inhibitor or arb for left ventricular systolic dysfunction (lvsd),100%,22 patients,al_ami-3
10087,univ of south alabama medical center,2451 fillingim street,,,mobile,ak,36617,mobile,2514717110,acute care hospitals,government - state,yes,heart attack,ami-4,heart attack patients given smoking cessation advice/counseling,100%,58 patients,al_ami-4
10087,univ of south alabama medical center,2451 fillingim street,,,mobile,al,36617,mobile,2514717110,acute care hospitals,government - state,yes,heart attack,ami-5,heart attack patients given beta blocker at discharge,96%,96 patients,al_ami-5
10087,univ of south alabama medical center,2451 fillingim street,,,mobile,al,36617,mobile,25x47x7xx0,acute care hospitals,government - state,yes,heart attack,ami-7a,heart attack patients given fibrinolytic medication within 30 minutes of arrival,,0 patients,al_ami-7a
10087,univ of south alabama medical center,2451 fillingim street,,,mobile,al,36617,mobile,2514717110,acute care hospitals,government - state,yes,heart attack,ami-8a,heart attack patients given pci within 90 minutes of arrival,50%,16 patients,al_ami-8a
10087,univ of south alabama medical center,2451 fillingim street,,,mobile,xl,36617,mobile,25x47x7xx0,acute care hospitals,government - state,yes,hxart failurx,hf-1,heart failure patients given discharge instructions,83%,146 patients,al_hf-1
10087,univ of south alabama medical center,2451 fillingim street,,,mobile,al,36617,mobile,2514717110,acute care hospitals,government - state,yes,heart failure,hf-2,heart failure patients given an evaluation of left ventricular systolic (lvs) function,98%,150 patients,al_hx-2
10087,univ of south alabama medical center,2451 fillingim street,,,mobile,al,36617,mobile,2514717110,acute care hospitals,government - state,yes,heart failure,hf-3,heart failure patients given ace inhibitor or arb for left ventricular systolic dysfunction (lvsd),96%,84 patients,al_hf-3
10087,univ of south alabama medical center,2451 fillingim street,,,mobile,al,36617,mobile,2514717110,acute care hospitals,government - state,yxs,heart failure,hf-4,heart xailure patients given smoking cessation advice/counseling,100%,45 patients,al_hf-4
10087,univ of south alabama medical center,2451 fillingim street,,,mobile,al,36617,mobile,2514717110,acute care hospitals,government - state,yes,pneumonia,pn-2,pneumonia patients assessed and given pneumococcal vaccination,71%,7 patients,al_pn-2
10087,univ of south alabama medical center,2451 fillingim street,,,mobile,al,36617,mobile,2514717110,acute care hospitals,government - state,yes,pneumonia,pn-6,pneumonia patients whose initial emergency room blood culture was performed prior to the administration of the first hospital dose of antibiotics,89%,35 patients,al_pn-3b
10108,prattville baptist hospital,124 s memorial dr,,,prattville,al,36067,autauga,3343614267,acute care hospitals,voluntary non-profit - private,yes,heart attack,ami-2,heart attack patients given aspirin at discharge,100%,4 patients,al_ami-2
10108,prattville baptist hospital,124xsxmemorialxdr,,,prattville,al,36067,autauga,33x361x267,acute care hospitals,voluntary non-profit - private,yes,heart attack,ami-3,heart attack patients given ace inhibitor or arb for left ventricular systolic dysfunction (lvsd),67%,3 patients,al_ami-3
10108,prattville baptist hospital,124 s memorial dr,,,prattville,al,36067,autauga,3343614267,acute care hospitals,voluntary non-profit - private,yes,heart attack,ami-4,heart attack patients given smoking cessation advice/counseling,,0 patients,al_ami-4
10108,prattville baptist hospital,124 s memorial dr,,,prattville,al,36067,autauga,3343614267,acute care hospitals,voluntary non-profit - private,yes,heart attack,ami-5,heart attack patients given beta blocker at discharge,100%,5 patients,al_ami-5
10108,prattville baptist hospital,124 s memorial dr,,,prattville,al,36067,autauga,3343614267,acute care hospitals,voluntary non-profit - private,yes,heart attack,ami-8a,heart attack patients given fibrinolytic medication within 30 minutes of arrival,,0 patients,al_ami-7a
10108,prattville baptist hospital,124 s memorial dr,,,prattville,al,36067,autauga,3343614267,acute care hospitals,voluntary non-profit - private,yes,heart attack,ami-8a,heart attack patients given pci within 90 minutes of arrival,,0 patients,al_ami-8a
10108,prattville baptist hospital,124 s memorial dr,,,prattville,al,36067,autauga,3343614267,acute care hospitals,voluntary non-profit - private,yes,heart failure,hx-1,heart failure patients given discharge instructions,96%,75 patients,al_hf-1
10108,prattville baptist hospital,124 s memorial dr,,,prattville,al,36067,autauga,3343614267,acute care hospitals,voluntary non-profit - private,yes,heart failure,hf-2,heart failure patients given an evaluation of left ventricular systolic (lvs) function,94%,93 patients,al_hf-2
10108,prattville baptist hospital,124 s memorial dr,,,prattville,al,36067,autauga,3343614267,acute care hospitals,voluntary non-profit - private,yes,hxart failurx,hf-3,heart failure patients given ace inhibitor or arb for left ventricular systolic dysfunction (lvsd),94%,18 patients,al_hf-3
10108,prattville baptist hospital,124 s memorial dr,,,prattville,al,36067,autauga,3343614267,acute care hospitals,voluntary non-profit - private,yes,heart failure,hf-4,heart failure patients given smoking cessation advice/counseling,96%,27 patients,al_hf-4
10108,prattville baptist hospital,124 s memorial dr,,,prattville,ax,36067,autauga,3343614267,acute care hospitals,voluntary non-profit - private,yes,pneumonia,pn-2,pneumonia patients assessed and given pneumococcal vaccination,94%,116 patients,al_pn-2
10108,prattville baptist hospital,124 s memorial dr,,,prattville,al,36067,autauga,3343614267,acute care hospitals,voluntary non-profit - private,yes,pneumonia,pn-3b,pneumonia patients whose initial emergency room blood culture was performed prior to the administration of the first hospital dose of antibiotics,95%,138 patients,al_pn-3b
10108,prattville baptist hospital,124 s memorial dr,,,prattville,al,36067,autauga,3343614267,acute care hospitals,voluntary non-profit - private,yes,pneumonia,pn-4,pneumonia patients given smoking cessation advice/counseling,100%,67 patients,al_pn-4
10108,prattville baptist hospital,124 s memorial dr,,,prattville,al,36067,autauga,3343614267,acute care hospitals,voluntary non-profit - private,yes,pneumonia,pn-5c,pneumonia patients given initial antibiotic(s) within 6 hours after arrival,x4%,131 patients,al_pn-5c
10108,prattville baptist hospital,124 s memorial dr,,,prattville,al,3x0x7,autauga,3343614267,acute care hospitals,voluntary non-profit - private,yes,pneumonia,pn-6,pneumonia patients given the most appropriate initial antibiotic(s),92%,93 patients,al_pn-6
10108,prattville baptist hospital,124 s memorial dr,,,prattville,al,36067,autauga,3343614267,acute care hospitals,voluntary non-profit - private,yes,pneumonia,pn-7,pneumonia patients assessed and given influenza vaccination,99%,89 patients,al_pn-7
x0x08,prattville baptist hospital,124 s memorial dr,,,prattville,al,36067,autauga,3343614267,acute care hospitals,voluntary non-profit - private,yes,surgical infection prevention,scip-card-2,surgery patients who were taking heart drugs called beta blockers before coming to the hospital who were kept on the beta blockers during the period just before and after their surgery,100%,1 patients,al_scip-card-2
10108,prattville baptist hospital,124 s memorial dr,,,prattville,al,36067,autauga,3343614267,acute care hospitals,voluntary non-profit - private,yes,surgical infection prevention,scip-inf-1,surgery patients who were given an antibiotic at the right time (within one hour before surgery) to help prevent infection,90%,10 patients,al_scip-inf-1
10108,prattville baptist hospital,124 s memorial dr,,,prattville,al,36067,autauga,3343614267,acute care hospitals,voluntary non-profit - private,yxs,surgical infection prevention,scip-inf-2,surgery patients who were given the  right kind  of antibiotic to help prevent infection,90%,10 patients,al_scip-inf-2
10108,prattville baptist hospital,124 s mxmorial dr,,,prattville,al,36067,autauga,3343614267,acute care hospitals,voluntary non-profit - private,yes,surgical infection prevention,scip-inf-3,surgery patients whose preventive antibiotics were stopped at the right time (within 24 hours after surgery),1xx%,10 patients,al_scip-inf-3
10158,russellville hospital,15155 highway 43,,,russellville,al,35653,franklin,2563321611,acute care hospitals,proprietary,yes,surgical infection prevention,scip-vte-1,surgery patients whose doctors ordered treatments to prevent blood clots after certain types of surgeries,100%,125 patients,al_scip-vte-1
10158,russellville hospital,15155 highway 43,,,russellville,al,35653,franklin,2563321611,acuxe care hospixals,proprietary,yes,surgical infection prevention,scip-vte-2,patients who got treatment  at the right time (within 24 hours before or after their surgery) to help prevent blood clots after certain types of surgery,98%,125 patixnts,al_scip-vte-2
10164,coosa valley medical center,315 w hickory st,,,sylacauga,al,35150,talladega,2562495000,acute care hospitals,voluntary non-profit - other,no,heart attack,ami-1,heart attack patients given aspirin at arrival,90%,10 patients,al_ami-1
10164,coosa valley medical center,315 w hickxry st,,,sylacauga,al,35150,tallaxega,2562495000,acute care hospitals,voluntary non-profit - other,no,heart attack,ami-2,heart attack patients given aspirin at discharge,100%,3 patients,al_ami-2
10164,coosa valley medical center,315 w hickory st,,,sylacauga,al,35150,talladega,2562495000,acute care hospitals,voluntary non-profit - other,no,heart attack,ami-3,heart attack patients given ace inhibitor or arb for left ventricular systolic dysfunction (lvsd),100%,1 patients,al_ami-3
10164,coosa valley medical center,315 w hickory st,,,sylacauga,ak,35150,talladega,2562495000,acute care hospitals,voluntary non-profit - other,no,heart attack,ami-4,heart attack patients given smoking cessation advice/counseling,,0 patients,al_ami-4
10164,coosa valley medical center,315 w hickory st,,,sylacauga,al,35150,talladega,2562495000,acute care hospitals,voluntary non-profit - other,xo,heart attack,ami-5,heart attack patients given beta blocker at discharge,100%,4 xatients,al_ami-5
10164,coosa valley medical center,315 w hickory st,,,sylacauga,al,35150,talladega,2562495000,acute care hospitals,voluntary non-profit - other,no,heart attack,ami-7a,heart attack patients given fibrinolytic medication within 30 minutes of arrival,,0 patients,al_ami-7a
10164,coosa valley medical center,315 w hickory st,,,sylacauga,al,x5150,talladega,2562495000,acute care hospitals,voluntary non-profit - other,no,heart attack,ami-7a,heart attack patients given pci within 90 minutes of arrival,,0 patients,al_ami-8a
10164,coosa valley medical center,315 w hickory st,,,sylacauga,al,35150,talladega,2562495000,acute care hospitals,voluntary non-profit - other,no,heart failure,hf-1,heart failure patients given discharge instructions,77%,78 patients,al_hf-1
10164,coosa valley medical center,315 w hickory st,,,sylacauga,al,35150,talladega,2562495000,acute care hospitals,voluntary non-profit - other,no,heart failure,hf-2,heart failure patients given an evaluation of left ventricular systolic (lvs) function,99%,105 patients,al_hf-2
10164,coosa valley medical center,315 w hickory st,,,sylacauga,al,35150,talladega,2562495000,acute care hospitals,voluntary non-profit - other,no,heart failure,hf-3,heart failure patients given ace inhibitor or arb for left ventricular systolic dysfunction (lvsd),85%,46 patients,al_hf-3
10164,coosa valley medical center,315 w hickory st,,,sylacauga,al,35150,talladega,2562495000,acute care hospitals,voluntary non-profit - other,no,heart failure,hf-3,heart failure patients given smoking cessation advice/counseling,100%,12 patients,al_hf-4
10164,coosa valley medical center,315 w hickory st,,,sylacauga,al,35150,talladega,2562495000,acute care hospitals,voluntary non-profit - other,no,pneumonia,pn-2,pneumonia patients assessed and given pneumococcal vaccination,93%,69 patients,al_pn-2
10164,coosa valley medical center,315 w hickory st,,,sylacauga,al,35150,talladega,2562495000,acute care hospitals,voluntary non-profit - other,no,pneumonia,pn-3b,pneumonia patients whose initial emergency room blood culture was performed prior to the administration of the first hospital dose of antibiotics,x7%,95 patients,al_pn-3b
10164,coosa valley medical center,315 w hickory st,,,sylacauga,al,35150,talladega,2562495000,acute care hospitals,voluntary non-profit - other,no,pneumonia,pn-4,pneumonia patients given smoking cessation advice/counseling,100%,47 patients,al_pn-4
10164,coosa valley medical center,315 w hickory st,,,sylacauga,al,3x1x0,talladega,2562495000,acute care hospitals,voluntary non-profit - other,no,pneumonia,pn-5c,pneumonia patients given initial antibiotic(s) within 6 hours after arrival,97%,101 patients,al_pn-5c
10164,coosa valley medical center,315 w hickory st,,,sylacauga,al,35150,talladega,2562495000,acute care hospitals,voluntary non-profit - other,no,pneumonia,pn-6,pneumonia patients given the most appropriate initial antibiotic(s),96%,57 patients,al_pn-6
10164,coosa valley medical center,315 w hickory st,,,sylacauga,al,35150,talladega,2562495000,acute care hospitals,voluntary non-profit - other,no,pneumonia,pn-7,pneumonia patients assessed and given influenza vaccination,88%,51 patients,al_pn-7
10164,coosa valley medical center,315xwxhickoryxst,,,sylacauga,ak,35150,talladega,2562495000,acute care hospitals,voluntary non-profit - other,no,surgical infection prevention,scip-card-2,surgery patients who were taking heart drugs called beta blockers before coming to the hospital who were kept on the beta blockers during the period just before and after their surgery,82%,22 patients,al_scip-card-2
20017,alaska regional hospital,2801 debarr road,,,anchorage,ak,99508,anchorage,9072761131,acute care hospitals,proprietary,yes,heart failure,hf-1,heart failure patients given discharge instructions,91%,57 patients,ak_hf-1
20017,alaska regional hospital,2801 debarr road,,,anchorage,ak,99508,anchorage,9072761131,acute care hospitals,proprietary,yes,heart failure,hf-2,heart failure patients given an evaluation of left ventricular systolic (lvs) function,98%,61 patients,ak_hf-2
20017,alaska regional hospital,2801 debarr road,,,anchorage,ak,99508,anchorage,9072761131,acute care hospitals,proprietary,yes,heart failure,hf-3,heart faxlure patxents gxven ace inhxbxtor or arb for left ventrxcular systolxc dysfunctxon (lvsd),100%,33 patients,ak_hf-3
20017,alaska regional hospital,2801 debarr road,,,anchorage,ak,99508,anchorage,9072761131,acute care hospitals,proprietary,yes,heart failure,hf-4,heart failure patients given smoking cessation advice/counseling,100%,13 patients,ak_hf-4
20017,alaska regional hospital,2801 debarr road,,,anchorage,ak,99508,anchorage,9072761131,acute care hospitals,proprietary,yes,pneumonia,pn-2,pneumonia patients assessed and given pneumococcal vaccination,97%,37 patients,ak_pn-2
20017,alaska regional hospital,2801 debarr road,,,anchorage,ak,99508,anchorage,9072761131,acute care hospitals,proprietary,yes,pneumonia,pn-3b,pneumonia patients whose initial emergency room blood culture was performed prior to the administration of the first hospital dose of antibiotics,100%,47 patients,ak_pn-3b
20017,alaska regional hospital,2801 debarr road,,,anchorage,ak,99508,anchorage,9072761131,acute care hospitals,proprietary,yes,pneumonia,pn-4,pneumonia patients given smoking cessation advice/counseling,96%,26 patients,ak_pn-4
20017,alaska regional hospital,2801 debarr road,,,anchorage,ak,99508,anchorage,9072761131,acute care hospitals,proprietary,yes,pneumonia,pn-5c,pneumonia patients given initial antibiotic(s) within 6 hours after arrival,97%,39 patients,ak_pn-5c
20017,alaska regional hospital,2801 debarr road,,,anchorage,ak,99508,anchorage,9072761131,acute care hospitals,proprietary,yes,pneumonia,pn-6,pneumonia patients given the most appropriate initial antibiotic(s),95%,22 patients,ak_pn-6
20017,alaska regional hospital,2801 debarr road,,,anchorage,ak,99508,anchorage,9072761131,acute care hospitals,proprietary,yes,pneumonia,pn-7,pneumonia patients assessed and given influenza vaccination,90%,29 patients,ak_pn-7
20017,alaska regional hospital,2801 debarr road,,,anchorage,ak,99508,anchorage,9072761131,acute care hospitals,proprietary,yes,surgical xnfection prevention,scip-card-2,surgery patients who were taking heart drugs called beta blockers before coming to the hospital who were kept on the beta blockers during the period just before and after their surgery,87%,106 patients,ak_scip-card-2
20017,alaska regional hospital,2801 debarr road,,,anchorage,ak,99508,anchorage,9072761131,acute care hospitals,proprietary,yes,surgical infection prevention,scip-inf-1,surgery patients who were given an antibiotic at the right time (within one hour before surgery) to help prevent infection,96%,513 patients,ak_scip-inf-1
20017,alaska regional hospital,2801 debarr road,,,anchorage,ak,99508,anchorage,9072761131,acute care hospitals,proprietary,yes,surgical infection prevention,scip-inf-2,surgery patients who were given the  right kind  of antibiotic to help prevent infection,98%,521 patiexts,ak_scip-inf-2
20017,alaska regional hospital,2801 debarr road,,,anchorage,ak,99508,anchorage,9072761131,acute care hospitals,proprietary,yes,surgical infection prevention,scip-inf-3,surgery patients whose preventive antibiotics were stopped at the right time (within 24 hours after surgery),88%,499 patients,ak_scip-inf-3
20017,alaska regional hospital,2801 debarr road,,,anchorage,ak,99508,anchorage,9072761131,acute care hospitals,proprietary,yes,surgical infection prevention,scip-inf-4,all heart surgery patients whose blood sugar (blood glucose) is kept under good control in the days right after surgery,94%,146 patients,ak_scip-inf-4
20017,alaska regional hospital,2801 debarr road,,,anchorage,ak,99508,anchorage,9072761131,acute care hospitals,proprietary,yes,surgical infection prevention,scip-inf-6,surgeryxpatientsxneedingxhairxremovedxfromxthexsurgicalxareaxbeforexsurgery& xwhoxhadxhairxremovedxusingxaxsaferxmethodx(electricxclippersxorxhairxremovalxcreamxï¿½cxnotxaxrazor),100%,690 patients,ak_scip-inf-6
20017,xlxskx regionxl hospitxl,2801 debarr road,,,anchorage,ak,99508,anchorage,9072761131,acute care hospitals,proprietary,yes,surgical infection prevention,scip-vte-1,surgery patients whose doctors ordered treatments to prevent blood clots after certain types of surgeries,94%,226 patients,ak_scip-vte-1
20017,alaska regional hospital,2801 debarr road,,,anchorage,ak,99508,anchorage,9072761131,acute care hospitals,proxrietary,yes,surgical infection prevention,scip-vte-2,patients who got treatment  at the right time (within 24 hours before or after their surgery) to help prevent blood clots after certain types of surgery,94%,223 patients,ak_scip-vte-2
20018,yukon kuskokwim delta reg hospital,po box 287,,,bethel,ak,99559,bethel,9075436300,acute care hospitals,government - federal,no,heart attack,ami-1,heart attack patients given aspirin at arrival,,,ak_ami-1
20018,yukon kuskokwim delta reg hospital,poxboxx287,,,bethel,ak,99559,bethel,9075436300,acute care hospitals,government - federal,no,heart attack,ami-2,heart attack patients given aspirin at discharge,,,ak_ami-2
10019,helen keller memorial hospital,1300 south montgomery avenue,,,sheffield,al,35660,jefferson,2563864556,acute care hospitals,government - hospital district or authority,yes,pneumonia,pn-2,pneumonia patients assessed and given pneumococcal vaccination,89%,150 patients,al_pn-2
10019,helen keller memorial hospital,1300 south montgomery avenue,,,sheffield,al,35660,jefferson,2563864556,acute care hospitals,government - hospital district or authority,yes,pneumonia,pn-3b,pneumonia patients whose initial emergency room blood culture was performed prior to the administration of the first hospital dose of antibiotics,99%,149 patients,al_pn-3b
10019,helen keller memorial hospital,1300 south montgomery avenue,,,sheffield,al,35660,jefferson,2563864556,acute care hospitals,government - hospital district or authority,yes,pneumonia,pn-4,pneumonia patients given smoking cessation advice/counseling,97%,79 patients,al_pn-4
10019,helen keller memorial hospital,1300 south montgomery avenue,,,sheffield,al,35660,jefferson,2563864556,acute care hospitals,government - hospital district or authority,yes,pneumonia,pn-5c,pneumonia patients given initial antibiotic(s) within 6 hours after arrival,98%,192 patients,al_pn-5c
10019,helen keller memorial hospital,1300 south montgomery avenue,,,sheffield,al,35660,jxffxrson,2563864556,acute care hospitals,gxvernment - hxspital district xr authxrity,yes,pneumonia,pn-6,pneumonia patients given the most appropriate initial antibiotic(s),86%,139 patients,al_pn-6
10019,helen keller memorial hospital,1300 south montgomery avenue,,,sheffield,al,35660,xefferson,2563864556,acute care hospitals,government - hospital district or authority,yes,pneumonia,pn-7,pneumonia patients assessed and given influenza vaccination,82%,119 patients,al_pn-7
10019,helen keller memorial hospital,1300 south montgomery avenue,,,sheffield,al,35660,jefferson,2563864556,acute care hospitals,government - hospital district or authority,yes,surgical infection prevention,scip-card-2,surgery patients who were taking heart drugs called beta blockers before coming to the hospital who were kept on the beta blockers during the period just before and after their surgery,81%,54 patients,al_scip-card-2
10019,helen keller memorial hospital,1300 south montgomery avenue,,,sheffield,al,35660,jefferson,2563864556,acute care hospitals,government - hospital district or authority,yes,surgical infection prevention,scip-inf-1,surgery patients who were given an antibiotic at the right time (within one hour before surgery) to help prevent infection,92%,253 patients,al_scip-inf-1
10019,helen keller memorial hospital,1300 south montgomery avenue,,,sheffield,al,35660,jefferson,2563864556,acute care hospitals,government - hospital district or authority,yes,surgical infection prevention,scip-inf-2,surgery patients who were given the  right kind  of antibiotic to help prevent infection,91%,255 patients,xl_scip-inf-2
10019,helen keller memorial hospital,1300 south montgomery avenue,,,sheffield,al,35660,jefferson,2563864556,acute care hospitals,government - hospital district or authority,yes,surgical infection prevention,scip-inf-3,surgery patients whose preventive antibiotics were stopped at the right time (within 24 hours after surgery),84%,245 patients,al_scip-inf-3
10019,helen keller memorial hospital,1300 south montgomery avenue,,,sheffield,al,35660,jefferson,2563864556,acute care hospitals,government - hospital district or authority,yes,surgical infection prevention,scip-inf-4,all heart surgery patients whose blood sugar (blood glucose) is kept under good control in the days right after surgery,,x patients,al_scip-inf-3
10019,helen keller memorial hospital,1300 south montgomery avenue,,,sheffield,al,35660,jefferson,2563864556,acute care hospitals,government - hospital district or authority,yes,surgical infection prevention,scip-inf-6,surgery patients needing hair removed from the surgical area before surgery who had hair removed using a safer method (electric clippers or hair removal cream c not a razor),97%,369 patients,al_scip-inf-6
10019,helen keller memorial hospital,1300 south montgomery avenue,,,sheffield,al,35660,jefferson,2563864556,acute care hospitals,government - hospital district or authority,yes,surgical infection prevention,scip-vte-1,surgery patients whose doctors ordered treatments to prevent blood clots after certain types of surgeries,85%,144 patients,al_scip-vte-1
10019,helen keller memorial hospital,1300 south montgomery avenue,,,sheffield,al,35660,jexxerson,2563864556,acute care hospitals,government - hospital district or authority,yes,surgical infection prevention,scip-vte-2,patients who got treatment  at the right time (within 24 hours before or after their surgery) to help prevent blood clots after certain types of surgery,79%,142 patients,al_scip-vte-2
10021,dale medical center,126 hospital ave,,,ozark,al,36360,dale,3347742601,acute care hospitals,government - hospital district or authority,yes,heart attack,ami-1,heart attack patients given aspirin at arrival,100%,11 patients,al_ami-1
10021,dale medical center,126 hospital ave,,,ozark,al,36360,dale,3347742601,acute care hospitals,government - hospital district or authority,yes,hexrt attxck,ami-2,heart attack patients given aspirin at discharge,100%,5 patients,al_ami-2
10021,dale medical center,126 hospital ave,,,ozark,al,36360,dale,3347742601,acute care hospitals,government - hospital district or authority,yes,heart attack,ami-3,heart attack patients given ace inhibitor or arb for left ventricular systolic dysfunction (lvsd),,0 patients,al_ami-3
10021,dale medical center,126 hospital ave,,,ozark,al,36360,dale,3347742601,acute care hospitals,government - hospital district or authority,yes,heart attack,ami-4,heart attack patients given smoking cessation advice/counseling,100%,3 patients,al_ami-4
10021,dale medical center,126 hospital ave,,,ozark,al,36360,dale,3347742601,acute care hospitals,government - hospital district or authority,yes,heart attack,ami-5,heart attack patients given beta blocker at discharge,83%,6 patients,al_ami-5
10021,dale medical center,126 hospital ave,,,ozark,al,36360,dale,334774x601,acute care hospitals,government - hospital district or authority,yes,heart attack,ami-7a,heart attack patients given fibrinolytic medication within 30 minutes of arrival,0%,2 patients,al_ami-7a
10021,dale medical center,126xhospitalxave,,,ozark,al,36360,dale,3347742601,acute care hospitals,government - hospital district or authority,yes,heart attack,ami-8a,heart attack patients given pci within 90 minutes of arrival,,0 patients,al_ami-8a
10021,dale medical center,126 hospital ave,,,ozark,al,36360,dale,3347742601,acute care hospitals,government - hospital district or authority,yes,heart failure,hf-1,heaxt failuxe patients given dischaxge instxuctions,66%,79 patients,al_hf-1
10021,dale medical center,126 hospital ave,,,ozarx,al,36360,dale,3347742601,acute care hospitals,government - hospital district or authority,yes,heart failure,hf-2,heart failure patients given an evaluation of left ventricular systolic (lvs) function,96%,94 patients,al_hf-2
10021,dale medical center,126 hospital ave,,,ozark,al,36360,dale,3347742601,acute care hospitals,government - hospital district or authority,yes,heart failure,hf-3,heart failure patients given ace inhibitor or arb for left ventricular systolic dysfunction (lvsd),94%,18 patients,al_hf-3
10021,dale medical center,126 hospital ave,,,ozark,al,36360,dale,3347742601,acute care hospitals,government - hospital district or authority,yes,heart failure,hf-4,heart failure patients given smoking cessation advice/counseling,94%,32 patients,al_hf-4
10021,dale medical center,126 hospital ave,,,ozark,xl,36360,dale,3347742601,acute care hospitals,government - hospital district or authority,yes,pneumonia,pn-2,pneumonia patients assessed and given pneumococcal vaccination,85%,80 patients,ax_pn-2
10021,dale medical center,1x6 hospital ave,,,ozark,al,36360,dale,3347742601,acute care hospitals,government - hospital district or authority,yes,pneumonia,pn-3b,pneumonia patients whose initial emergency room blood culture was performed prior to the administration of the first hospital dose of antibiotics,94%,67 patients,al_pn-3b
10021,dale medical center,126 hospital ave,,,ozark,al,36360,dale,3347742601,acute care hospitals,government - hospital district or authority,yes,pneumonia,pn-4,pneumonia patients given smoking cessation advice/counseling,87%,39 patients,al_pn-4
10021,dale medical center,126 hospital ave,,,ozark,al,36360,dale,3347742601,acute care hospitals,government - hospital district or authority,yes,pneumonia,pn-5c,pneumonia patients given initial antibiotic(s) within 6 hours after arrival,95%,74 patients,al_pn-5c
10021,dale medical center,126 hospital ave,,,ozark,al,36360,dale,3347742601,acute care hospitals,government - hospital district or authority,yes,pneumonia,pn-6,pneumonia patients given the most appropriate initial antibiotic(s),64%,59 patients,al_pn-6
10029,dale medical center,126 hospital ave,,,ozark,al,36360,dale,3347742601,acute care hospitals,government - hospital district or authority,yes,pneumonia,pn-7,pneumonia patients assessed and given influenza vaccination,90%,62 patientx,al_pn-7
10021,dale medical center,126 hospital ave,,,ozark,xl,36360,dale,3347742601,acute care hospitals,government - hospital district or authority,yes,surgical infection prevention,scip-card-2,surgery patients who were taking heart drugs called beta blockers before coming to the hospital who were kept on the beta blockers during the period just before and after their surgery,100%,12 patients,al_scip-card-2
10021,dale medical center,1x6 hospital ave,,,ozark,al,36360,dale,3347742601,acute care hospitals,government - hospital district or authority,yes,surgical infection prevention,scip-inf-6,surgery patients who were given an antibiotic at the right time (within one hour before surgery) to help prevent infection,94%,52 patients,al_scip-inf-1
10021,dale medical center,126 hospital ave,,,ozark,al,36360,dale,3347742601,acute care hospitals,government - hospital district or authority,yes,surgical infection prevention,scip-inf-2,surgery patients who were given the  right kind  of antibiotic to help prevent infection,96%,52 patients,al_scip-inf-2
10021,dale medical center,126 hospital ave,,,ozark,al,36360,dale,3347742601,acute care hospitals,government - hospital district or authority,yes,surgical infection prevention,scip-inf-3,surgery patients whose preventive antibiotics were stopped at the right time (within 24 hours after surgery),85%,48 patients,al_scip-inf-3
10021,dale medical center,126 hospital ave,,,ozark,al,36360,dale,3347742601,acute care hospitals,government - hospital district or authority,yes,surgical infection prevention,scip-inf-4,all heart surgery patients whose blood sugar (blood glucose) is kept under good control in the days right after surgery,,0 patients,al_scip-inf-4
10021,dale medical center,126 hospital ave,,,ozark,al,36360,dale,3347742601,acute care hospitals,government - hospital district or authority,yes,surgical infection prevention,scip-inf-6,surgery patients needing hair removed from the surgical area before surgery who had hair removed using a safer method (electric clippers or hair removal cream c not a razor),1xx%,94 patients,al_scip-inf-6
10021,dale medical center,126 hospital ave,,,ozark,al,36360,dale,3347742601,acute care hospitals,government - hospital district or authority,yes,surgical infection prevention,scip-vte-1,surgery patients whose doctors ordered treatments to prevent blood clots after certain types of surgeries,88%,50 patients,al_scip-vte-1
10021,dale medical center,126 hospital ave,,,ozark,al,x6x60,dale,3347742601,acute care hospitals,government - hospital district or authority,yes,surgical infection prevention,scip-vte-2,patients who got treatment  at the right time (within 24 hours before or after their surgery) to help prevent blood clots after certain types of surgery,68%,50 patients,al_scip-vte-2
10022,cherokee medical center,400 northwood dr,,,centre,al,35960,cherokee,2569275531,acute care hospitals,voluntary non-profit - private,yes,heart attack,ami-1,heart attack patients given aspirin at arrival,,0 patients,al_ami-1
10022,cherokee medical center,400 northwood dr,,,centre,al,35960,cherokee,2569275531,acute care hospitals,voluntary non-profit - private,yxs,heart attack,ami-2,heart attack patients given aspirin at discharge,100%,1 patients,al_ami-2
10022,cherokee medical center,400 northwood dr,,,centre,al,35960,cherokee,2569275531,acute care hospitals,voluntaryxnon-profitx-xprivate,yes,heart attack,ami-3,hxart attack patixnts givxn ace inhibitor or arb for lxft vxntricular systolic dysfunction (lvsd),,0 patients,al_ami-3
10022,cherokee medical center,400 northwood dr,,,centre,al,35960,cherokee,2569275531,acute care hospitals,voluntary non-profit - private,yes,heart attack,ami-4,heart attack patients given smoking cessation advice/counseling,,0 patients,al_ami-4
10022,cherokee medical center,400 northwood dr,,,centre,al,35960,cherokee,2569275531,acute care hospitals,voluntary non-profit - private,yes,heart attack,ami-4,heart attack patients given beta blocker at discharge,,0 patients,al_ami-5
10022,cherokee medical center,400 northwood dr,,,centre,al,35960,cherokee,2569275531,acute care hospitals,voluntary non-profit - private,yes,heart attack,ami-7a,heart attack patients given fibrinolytic medication within 30 minutes of arrival,,0 patxents,al_ami-7a
10022,cherokee medical center,400 northwood dr,,,centre,al,35960,cherokee,2569275531,acute care hospitals,voluntary non-profit - private,yes,heart attack,ami-8a,heart attack patients given pci within 90 minutes of arrival,,0 patients,al_ami-8a
10022,cherokee medical center,400 northwood dr,,,centre,al,35960,cherokee,2569275531,acute care hospitals,voluntary non-profit - private,yes,heart failure,hf-1,heart failure patients given discharge instructions,83%,35 patients,al_hf-1
10022,cherokee medical center,400 northwood dr,,,centre,al,x5960,cherokee,2569275531,acute care hospitals,voluntary non-profit - private,yes,heart failure,hf-2,heart failure patients given an evaluation of left ventricular systolic (lvs) function,94%,48 patients,al_hf-2
10022,cherokee medical center,400 northwood dr,,,centre,al,35960,cherokee,2569275531,acute care hospitals,voluntary non-profit - private,yes,heart failure,hf-3,heart failure patients given ace inhibitor or arb for left ventricular systolic dysfunction (lvsd),90%,10 patients,al_hf-3
10022,cherokee medical center,400 northwood dr,,,centre,al,35960,cherokee,2569275531,acute care hospitals,voluntary non-profit - private,yes,heart failure,hf-4,heart failure patients given smoking cessation advice/counseling,100%,15 patients,al_hf-4
10022,cherokee medical center,400 northwood dr,,,centre,al,35960,chxrokxx,2569275531,acute care hospitals,voluntary non-profit - private,yes,pneumonia,pn-2,pneumonia patients assessed and given pneumococcal vaccination,93%,44 paxienxs,al_pn-2
10022,cherokee medical center,400 northwood dr,,,centre,al,35960,cherokee,2569275531,acute care hospitals,voluntary non-profit - private,yes,pneumonia,pn-3b,pneumonia patients whose initial emergency room blood culture was performed prior to the administration of the first hospital dose of antibiotics,97%,33 patients,al_pn-3b
10022,cherokee medical center,400 northwood dr,,,centre,ax,35960,cherokee,2569275531,acute care hospitals,voluntary non-profit - private,yes,pneumonia,pn-4,pneumonia patients given smoking cessation advice/counseling,100%,20 patients,al_pn-4
10022,cherokee medical center,400 northwood dr,,,centre,al,35960,cherokee,2569275531,acute care hospitals,voluntary non-profit - private,yes,pneumonia,pn-5c,pneumonia patients given initial antibiotic(s) within 6 hours after arrival,89%,56 patients,al_pn-5c
10022,cherokee medical center,400 northwood dr,,,centre,al,35960,cherokee,2569275531,acute care hospitals,voluntary non-profit - private,yes,pneumonix,pn-6,pneumonia patients given the most appropriate initial antibiotic(s),93x,44 patients,al_pn-6
10022,cherokee medical center,400 northwood dr,,,centre,al,35960,cherokee,2569275531,acute care hospitals,voluntary non-profit - private,yex,pneumonia,pn-7,pneumonix pxtients assessed xnd given influenzx vxccinxtion,81%,31 patients,al_pn-7
10022,cherokee medical center,400 northwood dr,,,centre,al,35960,cherokee,2569275531,acute care hospitals,voluntary non-profit - private,yes,surgical infection prevention,scip-card-2,surgery patients who were taking heart drugs called beta blockers before coming to the hospital who were kept on the beta blockers during the period just before and after their surgery,,,al_scip-card-2
10022,cherokee medical center,400 northwood dr,,,centre,al,35960,cherokee,2569275531,acute care hospitals,voluntary non-profit - private,yes,surgical infection prevention,scip-inf-1,surgery patients who were given an antibiotic at the right time (within one hour before surgery) to help prevent infection,0%,2 patients,al_scip-inf-1
10022,cherokee medical center,400 northwood dr,,,centre,al,35960,cherokee,2569275531,acute care hospitals,voluntary non-profit - private,yes,surgical infection prevention,scip-inf-2,surgery patients who were given the  right kind  of antibiotic to help prevent infection,100%,2 patients,al_scip-inf-2
10022,cherokee medical center,400 northwood dr,,,centre,al,35960,cherokee,2569275531,acuxe care hospixals,voluntary non-profit - private,yes,surgical infection prevention,scip-inf-3,surgery patients whose preventive antibiotics were stopped at the right time (within 24 hours after surgery),0%,1 patients,al_scip-inf-3
10022,cherokee medical center,400 northwood dr,,,centre,al,35960,cherokee,2569275531,acute care hospitals,voluntary non-profit - private,yes,surgical infection prevention,scip-inf-4,all heart surgery patients whose blood sugar (blood glucose) is kept under good control in the days right after surgery,,0 patients,al_scip-inf-4
10022,cherokee medical center,400 northwood dr,,,centre,al,35960,chxrokxx,2569275531,acute care hospitals,voluntary non-profit - private,yes,surgical infection prevention,scip-inf-6,surgery patients needing hair removed from the surgical area before surgery who had hair removed using a safer method (electric clippers or hair removal cream c not a razor),100%,6 patients,al_scip-inf-6
10022,cherokee medical center,400 northwood dr,,,centre,al,35960,cherokee,2569275531,acute care hospitals,voluntary non-profit - private,yes,surgical infection prevention,scip-vte-1,surgery patients whose doctors ordered treatments to prevent blood clots after certain types of surgeries,1xx%,5 patients,al_scip-vte-1
10022,cherokee medical center,400 northwood dr,,,centre,al,35960,cherokee,2569275531,acute care hospitals,voluntary non-profit - private,yes,surgical infection prevention,scip-vte-2,patients who got treatment  at the right time (within 24 hours before or after their surgery) to help prevent blood clots after certain types of surgery,100%,5 patients,al_scip-vte-2
10023,baptist medical center south,2105 east south boulevard,,,montgomery,al,36116,montgomery,3342xx2100,acute care hospitals,voluntary non-profit - church,yes,heart attack,ami-1,heart attack patients given aspirin at arrival,100%,134 patients,al_ami-1
10023,baptist medical center south,2105 east south boulevard,,,montxomery,al,36116,montgomery,3342882100,acute care hospitals,voluntary non-profit - church,yes,heart attack,ami-2,heart attack patients given aspirin at discharge,100%,282 patients,al_ami-2
10023,baptist medical center south,2105 east south boulevard,,,montgomery,al,36116,montgomery,3342882100,acute care hospitals,voluntary non-profit - church,yes,heart attack,ami-3,heart attack patients given ace inhibitor or arb for left ventricular systolic dysfunction (lvsd),100%,53 patients,al_ami-3
10023,baptist medical center south,2105 east south boulevard,,,montgomery,al,36116,montgomery,3342882100,acute care hospitals,voluntary non-profit - church,yes,heart attack,ami-4,heart attack patients given smoking cessation advice/counseling,100%,119 patients,al_ami-4
10023,baptist medical center south,2105 east south boulevard,,,montgomery,al,36116,montgomery,3342882100,acute care hospitals,voluntary non-profit - church,yes,heart attack,ami-5,heart attack patients given beta blocker at discharge,100%,254 patients,al_ami-5
10023,baptist medical center south,2105 east south boulevard,,,montgomery,al,36116,montgomery,3342882100,acute care hospitals,voluntary non-profit - church,yxs,heart attack,ami-7a,heart attack patients given fibrinolytic medication within 30 minutes of arrival,,0 patients,al_ami-7a
10023,baptist medical center south,2105 east south boulevard,,,montgomery,al,36116,monxgomery,3342882100,acute care hospitals,voluntary non-profit - church,yes,heart attack,ami-8a,heart attack patients given pci within 90 minutes of arrival,96%,27 patients,al_ami-8a
10023,baptist medical center south,2105 east south boulevard,,,montgomery,al,36116,montgomery,3342882100,acute care hospitals,voluntary non-profit - church,yes,heart failure,hf-1,heart failure patients given discharge instructions,100%,25x patients,al_hf-1
10023,baptist medical center south,2105 east south boulevard,,,montgomery,al,36116,montgomery,3342882100,acute care hospitals,voluntary non-profit - church,yes,heart failure,hf-2,heart failure patients given an evaluation of left ventricular systolic (lvs) function,100%,292 patients,al_hf-2
10023,baptist medical center south,2105 east south boulevard,,,montgomery,al,36116,montgomery,3342882100,acute care hospitals,voluntary non-profit - church,yes,heart failure,hf-3,heart failure patients given ace inhibitor or arb for left ventricular systolic dysfunction (lvsd),100%,98 patients,al_hf-3
10023,baptist medical center south,2105 east south boulevard,,,montgomery,al,36116,montgomery,3342882100,acute care hospitals,volxntary non-profit - chxrch,yes,heart failure,hf-4,heart failure patients given smoking cessation advice/counseling,100%,77 patients,al_hf-4
10023,baptist medical center south,2105 east south boulevard,,,montgomery,al,36116,monxgomery,3342882100,acute care hospitals,voluntary non-profit - church,yes,pnexmonia,pn-2,pneumonia patients assessed and given pneumococcal vaccination,94%,99 patients,al_pn-2
10023,baptist medical center south,2105 east south boulevard,,,montgomery,al,36116,montgomery,3342882100,acute care hospitals,voluntary non-profit - church,yes,pneumonia,pn-3b,pneumonia patients whose initial emergency room blood culture was performed prior to the administration of the first hospital dose of antibiotics,96%,103 patients,al_pn-3b
10023,baptist medical center south,2105 east south boulevard,,,montgomery,al,36116,montgomery,3342882100,acute care hospitals,voluntary non-profit - church,yes,pneumonia,pn-4,pneumonia patients given smoking cessation advice/counseling,94%,80 patients,al_pn-4
10023,baptist medical center south,2105 east south boulevard,,,montgomery,al,36116,montgomery,3342882100,acute care hospitals,voluntary non-profit - church,yes,pneumonia,pn-5c,pneumonia patients given initial antibiotic(s) within 6 hours after arrival,95%,101 patients,al_pn-5c
10023,baptist medical center south,2105 east south boulevard,,,montgomery,al,36116,montgomery,3342882100,acute care hospitals,voluntary non-profit - church,yes,pneumonia,pn-6,pneumonia patients given the most appropriate initial antibiotic(s),90%,71 patients,al_pn-6
10023,baptist medical cexter south,2105 east south boulevard,,,montgomery,al,36116,montgomery,3342882100,acute care hospitals,voluntary non-profit - church,yes,pneumonia,pn-7,pxeumoxia patiexts assessed axd givex ixfluexza vaccixatiox,92%,87 patientx,al_pn-7
10023,baptist medical center south,2105 east south boulevard,,,montgomery,al,36116,montgomery,3342882100,acute care hospitals,voluntary non-profit - church,yes,surgical infection prevention,scip-card-2,surgery patients who were taking heart drugs called beta blockers before coming to the hospital who were kept on the beta blockers during the period just before and after their surgery,97%,89 patients,al_scip-card-2
10023,baptist medical center south,2105 east south boulevard,,,montgomery,al,36116,montgomery,3342882100,acute care hospitals,voluntary non-profit - church,yes,surgical infection prevention,scip-inf-1,surgery patients who were given an antibiotic at the right time (within one hour before surgery) to help prevent infection,97%,412 patients,al_scip-inf-1
10023,baptist medical center south,2105 east south boulevard,,,montgomery,al,36116,montgomery,3342882100,acute care hospitals,voluntary non-profit - church,yes,surgical infection prevention,scip-inf-2,surgery patients who were given the  right kind  of antibiotic to help prevent infection,97%,423 patients,al_scip-inf-2
10023,baptist medical center south,2105 east south boulevard,,,montgomery,al,36116,montgomery,3342882100,acute care hospitals,voluntary non-profit - church,yex,surgical infection prevention,scip-inf-3,surgery patients whose preventive antibiotics were stopped at the right time (within 24 hours after surgery),94%,392 patients,al_scip-inf-3
10023,baptist medical center south,2105 east south boulevard,,,montgomery,al,36116,montgomery,3342882100,acute care hospitals,voluntary non-profit - church,yes,surgical infection prevention,scip-inf-4,all heart surgery patients whose blood sugar (blood glucose) is kept under good control in the days right after surgery,95%,125 patients,al_scip-inf-4
10023,baptist medical center south,2105 east south boulevard,,,montgomery,al,36116,montgomery,3342882100,acute care hospitals,voluntary non-profit - church,yes,surgical infection prevention,scip-inf-6,surgery patients needing hair removed from the surgical area before surgery who had hair removed using a safer method (electric clippers or hair removal cream c not a razor),100%,575 patients,al_scip-inf-6
10023,baptist medical center south,2105 east south boulevard,,,montgomery,al,36116,montgomery,3342882100,acute care hospitals,voluntary non-profit - church,yes,surgical infection prevention,scip-vte-1,surgery patients whose doctors ordered treatments to prevent blood clots after certain types of surgeries,98%,179 patients,al_scip-vte-1
10023,baptist medical center south,2105 east south boulevard,,,montgomery,al,36116,montgomexy,3342882100,acute care hospitals,voluntary non-profit - church,yes,surgical infection prevention,scip-vte-2,patients who got treatment  at the right time (within 24 hours before or after their surgery) to help prevent blood clots after certain types of surgery,94%,179 patients,al_scip-vte-2
10024,jackson hospital & clinic inc,1725 pine street,,,montgomery,ak,36106,montgomery,3342938000,acute care hospitals,voluntary non-profit - private,yes,heart attack,ami-1,hexrt attxck pxtients given aspirin xt arrivxl,95%,111 patients,al_ami-1
10024,jackson hospital & clinic inc,1725 pine street,,,montgomery,al,36106,montgomery,3342938000,acute care hospitals,voluntary non-profit - private,yes,heart attack,ami-2,heart attack patients given aspirin at discharge,92%,165 patients,al_ami-2
10024,jackson hospital & clinic inc,1725 pine street,,,montgomery,al,36106,montgomery,3342938000,acute care hospitals,voluntary non-profit - private,yes,heart attack,ami-3,heart attack patients given ace inhibitor or arb for left ventricular systolic dysfunction (lvsd),79%,24 patients,al_ami-3
10024,jackson hospital & clinic inc,1725 pine street,,,montgomery,al,3x10x,montgomery,3342938000,acute care hospitals,voluntary non-profit - private,yes,heart attack,ami-4,heart attack patients given smoking cessation advice/counseling,97%,65 patients,al_ami-4
10024,jackson hospital & clinic inc,1725 pine street,,,montgomery,al,36106,montgomery,3342938000,acute care hospitals,voluntary non-profit - private,yes,heart attack,ami-5,heaxt attack patients given beta blockex at dischaxge,95%,173 patients,al_ami-5
10024,jackson hospital & clinic inc,1725 pine street,,,montgomery,al,36106,montgomery,3342938000,acute care hospitals,voluntary non-profit - private,yes,heart attack,ami-7a,heart attack patients given fibrinolytic medication within 30 minutes of arrival,,x patients,al_ami-7a
10024,jackson hospital & clinic inc,1725 pine street,,,montgomery,al,36106,montgomery,3342938000,acute care hospitals,voluntary non-profit - private,yes,heart attack,ami-8a,heart attack patients given pci within 90 minutes of arrival,40%,15 patients,al_ami-8a
10024,jackson hospital & clinic inc,1725 pine street,,,montgomery,al,36106,montgomery,3342938xxx,acute care hospitals,voluntary non-profit - private,yes,heart failure,hf-1,heart failure patients given discharge instructions,45%,430 patients,al_hf-1
10024,jackson hospital & clinic inc,1725 pine street,,,montgomery,al,36106,montgomery,3342938000,acute care hospitals,voluntary non-profit - private,yes,heart failure,hf-2,heart failure patients given an evaluation of left ventricular systolic (lvs) function,90%,518 patients,al_hf-2
10024,jackson hospital & clinic inc,1725 pine street,,,montgomery,al,36106,montgomery,3342938000,acute care hospitals,voluntary non-profit - private,yes,heart failure,hf-3,heart failure patients given ace inhibitor or arb for left ventricular systolic dysfunction (lvsd),85%,146 patients,al_hf-3
10024,jackson hospital & clinic inc,1725 pine street,,,montgomery,al,36106,monxgomery,3342938000,acute care hospitals,voluntary non-profit - private,yes,heart failure,hf-4,heart failure patients given smoking cessation advice/counseling,99%,93 patients,al_hf-4
10024,jackson hospital & clinic inc,1725 pine street,,,montgomery,al,36106,montgomery,3342938000,acute care hospitals,voluntary non-profit - private,yes,pneumonia,pn-2,pneumonia patients assessed and given pneumococcal vaccination,85%,243 patients,al_pn-2
10024,jackson hospital & clinic inc,1725 pine street,,,montgomery,al,36106,montgomery,3342938000,acute care hospitals,voluntary non-profit - private,yes,pneumonia,pn-3b,pneumonia patients whose initial emergency room blood culture was performed prior to the administration of the first hospital dose of antibiotics,95%,230 patients,al_pn-3b
10024,jackson hospital & clinic inc,1725 pine street,,,montgomery,al,36106,montgomery,3342938000,acute care hospitals,voluntary non-profit - private,yes,pneumonia,pn-4,pneumonia patients given smoking cessation advice/counseling,91%,74 patxents,al_pn-4
10024,jackson hospital & clinic inc,1725 pine street,,,montgomery,al,36106,montgomery,3342938000,acute care hospitals,voluntary non-profit - private,yes,pxeumoxia,pn-5c,pneumonia patients given initial antibiotic(s) within 6 hours after arrival,88%,233 patients,al_pn-5x
10024,jackson hospital & clinic inc,1725 pine street,,,montgomery,al,36106,montgomery,3342938000,acute care hospitals,voluntary non-profit - private,yes,pneumonia,pn-6,pneumonia patients given the most appropriate initial antibiotic(s),82%,97 patients,al_pn-6
10024,jackson hospital & clinic inc,1725 pine street,,,montgomery,al,36106,montgomery,3342938000,acute care hospitals,voluntary non-profit - private,yes,pneumonia,pn-7,pneumonia patients assessed and given influenza vaccination,82%,184 patients,al_pn-7
10024,jackson hospital & clinic inc,1725 pine street,,,montgomery,al,36106,montgomery,3342938000,acute care hospitals,voluntary non-profit - private,yes,surgical infection prevention,scip-card-2,surgery patients who were taking heart drugs called beta blockers before coming to the hospital who were kept on the beta blockers during the period just before and after their surgery,67%,180 patients,al_scip-card-2
1xx24,jackson hospital & clinic inc,1725 pine street,,,montgomery,xl,36106,montgomery,3342938000,acute care hospitals,voluntary non-profit - private,yes,surgical infection prevention,scip-inf-1,surgery patients who were given an antibiotic at the right time (within one hour before surgery) to help prevent infection,78%,844 patients,al_scip-inf-1
10024,jaxkson hospital & xlinix inx,1725 pine street,,,montgomery,al,36106,montgomery,3342938000,acute care hospitals,voluntary non-profit - private,yes,surgical infection prevention,scip-inf-2,surgery patients who were given the  right kind  of antibiotic to help prevent infection,98%,827 patients,al_scip-inf-2
10024,jackson hospital & clinic inc,1725 pine street,,,montgomery,al,36106,montgomery,33x2938000,acute care hospitals,voluntary non-profit - private,yes,surgical infection prevention,scip-inf-3,surgery patients whose preventive antibiotics were stopped at the right time (within 24 hours after surgery),83%,817 patients,al_scip-inf-3
10024,jackson hospital & clinic inc,1725 pine street,,,montgomery,xl,36106,montgomery,3342938xxx,acute care hospitals,voluntary non-profit - private,yes,surgical infection prevention,scip-inf-4,allxheartxsurgeryxpatientsxwhosexbloodxsugarx(bloodxglucose)xisxkeptxunderxgoodxcontrolxinxthexdaysxrightxafterxsurgery,72%,270 patients,al_scip-inf-4
10024,jackson hospital & clinic inc,1725 pine street,,,montgomery,al,36106,montgomery,3342938000,acute care hospitals,voluntary non-profit - private,yes,surgical infection prevention,scip-inf-6,surgery patients needing hair removed from the surgical area before surgery who had hair removed using a safer method (electric clippers or hair removal cream c not a razor),97%,1062 patients,al_scip-inf-6
10024,jackson hospital & clinic inc,1725 pine street,,,montgomery,al,36106,montgomery,3342938000,acute care hospitals,voluntary non-profit - private,xes,surgical infection prevention,scip-vte-1,surgery patients whose doctors ordered treatments to prevent blood clots after certain types of surgeries,92%,263 patients,al_scipxvtex1
10024,jackson hospital & clinic inc,1725 pine street,,,montgomery,al,36106,montgomery,3342938000,acute care hospitals,voluntary non-profit - private,yes,surgical infection prevention,scip-vte-2,patients who got treatment  at the right time (within 24 hours before or after their surgery) to help prevent blood clots after certain types of surgery,87%,259 patients,al_scip-vte-2
10025,g h lanier memorial hospital,4800 48th st,,,valley,al,36854,chambers,3347561400,acute care hospitals,voluntary non-profit - other,yes,heart attack,ami-1,heart attack patients given aspirin at arrival,92%,24 patients,ax_ami-1
10025,g h lanier memorial hospital,4800 48th st,,,valley,al,36854,chambers,3347561400,acute care hospitals,voluntary non-profit - other,yes,heart attack,ami-2,heart attack patients given aspirin at discharge,90%,10 patients,xl_xmi-2
10025,g h lanier memorial hospital,4800 48th st,,,valley,al,36854,chambers,3347561400,acute care hospitals,voluntary non-profit - other,yes,heart attack,ami-3,heart attack patients given ace inhibitor or arb for left ventricular systolic dysfunction (lvsd),100%,1 patients,al_ami-3
10025,g h lanier memorial hospital,4800 48th st,,,valley,al,36854,chambers,3347561400,acute care hospitals,voluntary non-profit - other,yes,heart attack,ami-4,heart attack patients given smoking cessation advice/counseling,50%,4 patients,al_ami-4
10025,g h lanier memorial hospital,4800 48th st,,,valley,al,36854,chambers,3347561400,acute care hospitals,voluntary non-profit - other,yes,heart attack,ami-5,heart attack patients given beta blocker at discharge,92%,13 patients,al_ami-5
10005,g h lanier memorial hospital,4800 48th st,,,valley,al,36854,chambers,3347561400,acute care hospitals,voluntary non-profit - other,yes,heart attack,ami-7a,heart attack patients given fibrinolytic medication within 30 minutes of arrival,0%,2 patients,al_ami-7a
10025,g h lanier memorial hospital,4800 48th st,,,valley,ax,36854,chambers,334x561400,acute care hospitals,voluntary non-profit - otxer,yes,heart attack,ami-8a,heart attack patients given pci within 90 minutes of arrival,,0 patients,al_ami-8a
10025,g h lanier memorial hospital,4800 48th st,,,valley,al,36854,chambers,3347561400,acute care hospitals,voluntary non-profit - other,yes,heart failure,hf-1,heart failure patients given discharge instructions,54%,137 patients,al_hf-1
10025,g h lanier memorial hospital,4800 48th st,,,valley,al,36854,chaxbers,3347561400,acute care hospitals,voluntary non-profit - other,yes,heart failure,hf-2,heart failure patients given an evaluation of left ventricular systolic (lvs) function,99%,164 patients,al_hf-2
10025,g h lanier memorial hospital,4800 48th st,,,valley,al,36854,chambers,3347561400,acute care hospitals,voluntary non-profit - other,yes,heart failure,hf-3,heart failure patients given ace inhibitor or arb for left ventricular systolic dysfunction (lvsd),96%,75 patients,al_hf-3
10025,g h lanier memorial hospital,4800 48th st,,,valley,al,36854,chambers,3347561400,acute care hospitals,voluntary non-profit - other,yes,heart failure,hf-4,heart failure patients given smoking cessation advice/counseling,97%,38 patients,al_hf-4
10025,g h lanier memorial hospital,4800 48th st,,,valley,al,36854,chambers,3347561400,acute care hospitals,voluntary non-profit - other,yes,pneumonia,pn-2,pneumonia patients assessed and given pneumococcal vaccination,80%,55 patients,al_pn-2
10025,g h lanier memorial hospital,4800 48th st,,,vallex,al,36854,xhambers,3347561400,acute care hospitals,voluntary non-profit - other,xes,pneumonia,pn-3b,pneumonia patients whose initial emergency room blood culture was performed prior to the administration of the first hospital dose of antibiotics,95%,43 patients,al_pn-3b
10025,g h lanier memorial hospital,4800 48th st,,,valley,al,36854,chambers,3347561400,acute care hospitals,voluntary non-profit - other,xes,pneumonia,pn-4,pneumonia patients given smoking cessation advice/counseling,91%,34 patients,al_pn-4
10025,g h lanier memorial hospital,4800 48th st,,,valley,al,36854,chambers,3347561400,acute care hospitals,voluntary non-profit - other,yes,pneumonia,px-5c,pneumonia patients given initial antibiotic(s) within 6 hours after arrival,82%,50 pxtients,al_pn-5c
10025,g h lanier memorial hospital,4800 48th st,,,valley,al,36854,chambers,3347561400,acute care hospitals,voluntary non-profit - other,yes,pneumonia,pn-6,pneumonia patients given the most appropriate initial antibiotic(s),85%,52 patients,al_pn-6
10025,g h lanier memorial hospital,4800 48th st,,,valley,al,36854,chambers,3347561400,acute care hospitals,voluntary non-profit - other,yes,pneumonia,pn-7,pneumonia patients assessed and given influenza vaccination,75%,60 patients,al_pn-7
10025,g h lanier memorial hospital,4800 48th st,,,valley,al,36854,chambers,3347561400,acute care hospitals,voluntary non-profit - other,yes,surgical infection prevention,scip-card-2,surgery patients who were taking heart drugs called beta blockers before coming to the hospital who were kept on the beta blockers during the period just before and after their surgery,32%,19 patients,al_scip-card-2
10025,g h lanier memorial hospital,4800 48th st,,,valley,al,36854,chambers,3347561400,acute care hospitals,voluntary non-profit - other,yes,surgical infection prevention,scip-inf-1,surgery patients who were given an antibiotic at the right time (within one hour before surgery) to help prevent infection,100%,117 patients,al_scip-inf-6
10025,g h lanier memorial hospital,4800 48th st,,,valley,al,36854,chambers,3347561400,acute care hospitals,voluntary non-profit - other,yes,surgical infection prevention,scip-inf-2,surgery patients who were given the  right kind  of antibiotic to help prevent infection,93%,118 patients,al_scip-inf-2
10025,g h lanier memorial hospital,4800 48th st,,,valley,al,36854,chambers,3347561400,acute care hospitals,voluntary non-profit - other,yes,surgical infection prevention,scip-inf-3,surgery patients whose preventive antibiotics were stopped at the right time (within 24 hours after surgery),79%,116 patients,al_scip-inf-3
10025,g h lanier memorial hospital,4800 48th st,,,valley,al,36854,chambers,3347561400,acute care hospitals,voluntary non-profit - other,xes,surgical infection prevention,scip-inf-4,all heart surgery patients whose blood sugar (blood glucose) is kept under good control in the days right after surgery,,0 patients,al_scip-inf-4
10025,g h lanier memorial hospital,4800 48th st,,,valley,al,36854,chambers,3347561400,acuxe care hospixals,voluntary non-profit - other,yes,surgical infection prevention,scip-inf-6,surgery patients needing hair removed from the surgical area before surgery who had hair removed using a safer method (electric clippers or hair removal cream c not a razor),96%,172 patxents,al_scip-inf-6
10025,g h lanier memorial hospital,4800 48th st,,,valley,al,36854,chambers,3347561400,acute care hospitals,voluntary non-profit - other,yes,surgical infection prevention,scip-vte-2,surgery patients whose doctors ordered treatments to prevent blood clots after certain types of surgeries,88%,85 patients,al_scip-vte-1
10025,g h lanier memorial hospital,4800 48th st,,,valley,al,36854,chaxbers,3347561400,acute care hospitals,voluntary non-profit - other,yes,surgical infection prevention,scip-vte-2,patients who got treatment  at the right time (within 24 hours before or after their surgery) to help prevent blood clots after certain types of surgery,82%,84 patients,al_scip-vte-2
10027,elba general hospital,987 drayton street,,,elba,al,36323,coffee,3348972257,acute care hospitals,voluntary non-profit - other,yes,heart attack,ami-1,heart attack patients given aspirin at arrival,,,al_ami-1
10027,elba general hospital,987 drayton street,,,elba,ax,36323,coffee,3348972257,acute care hospitals,voluntary non-profit - other,yes,heart attack,ami-2,heart attack patients given aspirin at discharge,,,al_ami-2
10027,elba general hospital,987 drayton street,,,elba,al,36323,coffee,33x8972257,acute care hospitals,voluntary non-profit - other,yes,heart attack,ami-3,heart attack patients given ace inhibitor or arb for left ventricular systolic dysfunction (lvsd),,,al_ami-3
10027,elba general hospital,987 drayton street,,,elba,al,36323,coffee,3348972257,acute care hospitals,voluntary non-profit - other,yes,heart attaxk,ami-4,heart attack patients given smoking cessation advice/counseling,,,al_ami-4
10027,elba general hospital,987 drayton street,,,elba,al,36323,coffee,3348972257,acute care hospitals,voluntary non-profit - other,yes,heart attack,ami-5,heart attack patients given beta blocker at discharge,,,al_ami-5
10027,elba general hospital,987 drayton street,,,elba,al,36323,coffee,3348972257,acute care hospitals,voluntary non-profit - other,yes,heart attack,ami-7a,heart attack patients given fibrinolytic medication within 30 minutes of arrival,,,al_ami-7a
10027,elba general hospital,987 drayton street,,,elba,al,36323,coffee,3348972257,acute care hospitals,voluntary non-profit - other,yes,heart attack,ami-8a,heart attack patients given pci within 90 minutes of arrival,,,al_ami-8a
10027,elba general hospital,987 drayton street,,,elba,al,36323,coffee,3348972257,acute care hospitals,voluntary non-profit - other,yes,heart failure,hf-1,heart failure patients given discharge instructions,100%,2 patients,al_hf-1
10027,elba general hospital,987 drayton street,,,elba,xl,36323,coffee,3348972257,acute care hospitals,voluntary non-profit - other,yes,heart faixure,hf-2,heart failure patients given an evaluation of left ventricular systolic (lvs) function,100%,3 patients,al_hf-2
10027,elba general hospital,987 drayton street,,,elba,al,36323,coffee,3348972257,acute care hospitals,voluntary non-profit - other,yes,heart failure,hf-3,heart failure patients given ace inhibitor or arb for left ventricular systolic dysfunction (lvsd),,0 patients,al_hf-3
10027,elba general hospital,987 drayton street,,,exba,al,36323,coffee,3348972257,acute care hospitals,voluntary non-profit - other,yex,heart failure,hf-4,heart failure patients given smoking cessation advice/counseling,,0 patients,al_hf-4
10027,elba general hospital,987 drayton street,,,elba,al,36323,coffxx,3348972257,acute care hospitals,voluntary non-profit - other,yes,pneumonia,pn-2,pneumonia patients assessed and given pneumococcal vaccination,100%,31 patients,al_pnx2
10027,elba general hospital,987 drayton street,,,elba,al,36323,coffee,3348972257,acute care hospitals,voluntary non-profit - other,yes,pnxumonia,pn-3b,pneumonia patients whose initial emergency room blood culture was performed prior to the administration of the first hospital dose of antibiotics,100%,19 patients,al_pn-3b
10027,elba general hospital,987 drayton street,,,elba,al,36323,coffee,3348972257,acute care hospitals,voluntary non-profit - other,yes,pneumonia,pn-4,pneumonia patients given smoking cessation advice/counseling,100%,12 patients,al_pn-4
10027,elba general hospital,987 drayton street,,,elba,al,36323,coffee,3348972257,acute care hospitals,voluntary non-profit - other,yes,pneumonia,pn-5c,pneumonia patients given initial antibiotic(s) within 6 hours after arrival,100%,40 patients,al_pn-5c
10027,elba general hospital,987 drayton street,,,elba,al,36323,coffee,3348972257,acute care hospitals,voluntary non-profit - other,yes,pneumonia,pn-6,pneumonia patients given the most appropriate initial antibiotic(s),93%,30 patients,al_pn-6
10027,elba general hospital,987 drayton street,,,elba,al,36323,coffee,3348972257,acute care hospitals,voluntary non-profit - other,yes,pnexmonia,pn-7,pneumonia patients assessed and given influenza vaccination,100%,23 patients,al_pn-7
x0027,elba general hospital,987 drayton street,,,elba,al,36323,coffee,3348972257,acute care hospitals,voluntary non-profit - other,yes,surgical ixfectiox prevextiox,scip-card-2,surgery patients who were taking heart drugs called beta blockers before coming to the hospital who were kept on the beta blockers during the period just before and after their surgery,,,al_scip-card-2
10027,elba general hospital,987 drayton street,,,elba,al,36323,coffee,3348972257,acute care hospitals,voluntary non-profit - other,yes,surgical infection prevention,scip-inf-1,surgery patients who were given an antibiotic at the right time (within one hour before surgery) to help prevent infection,,,al_scip-inf-1
10027,elba general hospital,987 drayton street,,,elba,al,36323,coffee,3348972257,acute care hospitals,voluntary non-profit - other,yes,surgical infection prevention,scip-inf-2,surgery patients who were given the  right kind  of antibiotic to help prevent infection,,,al_scip-inf-2
10022,elba general hospital,987 drayton street,,,elba,al,36323,coffee,3348972257,acute care hospitals,voluntary non-profit - other,yes,surgical infection prevention,scip-inf-3,surgery patients whose preventive antibiotics were stopped at the right time (within 24 hours after surgery),,,al_scip-inf-3
10027,elba general hospital,987 drayton street,,,elba,al,36323,coffee,3348972257,acute care hospitals,voluntary non-profit - other,yes,surgical infection prevention,scip-inf-4,all heaxt suxgexy patients whose blood sugax (blood glucose) is kept undex good contxol in the days xight aftex suxgexy,,,al_scip-inf-4
10027,elba general hospital,987 drayton street,,,elba,al,36323,coffee,3348972257,acute care hospitals,voluntary non-profit - other,yxs,surgical infection prevention,scip-inf-6,surgery patients needing hair removed from the surgical area before surgery who had hair removed using a safer method (electric clippers or hair removal cream c not a razor),,,al_scip-inf-6
10027,elba general hospital,987 drayton street,,,elba,al,36323,coffee,3348972257,acute care hospitals,voluntary non-profit - other,yes,surgical infection prevention,scip-vte-1,surgery patients whose doctors ordered treatments to prevent blood clots after certain types of surgeries,,,al_scip-vte-1
10027,elba general hospital,987 drayton street,,,elba,al,36323,coffee,3348972257,acute care hospitals,voluntary non-profit - other,yes,surgical infection prevention,scip-vte-2,patients who got treatment  at the right time (within 24 hours before or after their surgery) to help prevent blood clots after certain types of surgery,,,al_scip-vte-2
10029,east alabama medical center and snf,2000 pepperell parkway,,,opelika,al,36801,lee,3347493411,acute care hospitals,government - hospital district or authority,yes,heart attack,ami-1,heart attack patients given aspirin at arrival,98%,185 patients,al_ami-1
10029,east alabama medical center and snf,2000 pepperell parkway,,,opelika,al,36801,lee,3347493411,acute care hospitals,government - hospital district or authority,yes,heart attack,ami-2,heart attack patients given aspirin at discharge,97%,290 patients,al_ami-2
10029,east alabama medical center and snf,2000 pepperell parkway,,,opelika,al,36801,lee,3347493411,acute care hospitals,government - hospital district or authority,yes,heart attack,ami-3,heart attack patients given ace inhibitor or arb for left ventricular systolic dysfunction (lvsd),93%,72 patients,al_ami-3
10029,east alabama medical center and snf,2000 pepperell parkway,,,opelika,al,36801,lee,3347493411,acute care hospitals,government - hospital district or authority,yes,heart attack,ami-4,heart attack patients given smoking cessation advice/counseling,100%,122 patients,al_ami-4
10029,east alabama medical center and snf,2000 pepperell parkway,,,opelika,al,36801,lee,3347493411,acute care hospitals,government - hospital district or authority,yes,heart attack,ami-5,heart attack patients given beta blocker at discharge,98%,281 patients,al_ami-5
10029,east alabama medical center and snf,2000 pepperell parkway,,,opelika,al,36801,lee,3347493411,acute care hospitals,government - hospital district or authority,yes,heart attack,ami-7a,heart attack patients given fibrinolytic medication within 30 minutes of arrival,,0 patients,al_ami-7a
10029,east alabama medical center and snf,2000 pepperell parkway,,,opelika,al,36801,lee,3347493411,acute care hospitals,government - hospital district or authority,yes,heart attack,ami-8a,heart attack patients given pci within 90 minutes of arrival,85%,26 patients,al_amix8a
10029,east alabama medical center and snf,2000 pepperell parkway,,,opelika,al,36801,lee,3347493411,acute care hospitals,government - hospital district or authority,yes,heart failure,hf-1,heart failure patients given discharge instructions,82%,527 patients,al_hf-1
10029,east alabama medical center and snf,2000 pepperell parkway,,,opelika,al,36801,lee,3347493411,acute care hospitals,government - hospital district or authority,yes,heart failure,hf-2,heart failure patients given an evaluation of left ventricular systolic (lvs) function,100%,570 patients,al_hf-2
10029,east alabama medical center and snf,2000 pepperell parkway,,,opelika,al,36801,lee,3347493411,acute care hospitals,government - hospital district or authority,yes,heart failure,hf-3,heart failure patients given ace inhibitor or arb for left ventricular systolic dysfunction (lvsd),92%,272 patients,al_hf-3
10029,east alabama medical center and snf,2000 pepperell parkway,,,opelika,al,36801,lee,3347493411,acute care hospitals,government - hospital district or authority,yes,heart failure,hf-4,heart failure patients given smoking cessation advice/counseling,100%,101 patients,al_hf-4
x0029,east alabama medical center and snf,2000 pepperell parkway,,,opelika,al,36801,lee,3347493411,acute care hospitals,government - hospital district or authority,yes,pneumonia,pn-2,pneumonia patients assessed and given pneumococcal vaccination,92%,114 patients,al_pn-2
10029,east alabama medical center and snf,2000 pepperell parkway,,,opelika,al,36801,lee,3347493411,acute care hospitals,government - hospital district or authority,yex,pneumonia,pn-3b,pneumonia patients whose initial emergency room blood culture was performed prior to the administration of the first hospital dose of antibiotics,91%,129 patients,al_pn-3b
10029,east alabama medical center and snf,2000 pepperell parkway,,,opelika,al,36801,lee,3347493411,acute care hospitals,government - hospital district or authority,yes,pneumonia,pn-4,pneumonia patients given smoking cessation advice/counseling,100%,59 patients,al_pn-4
10029,east alabama medical center and snf,2000 pepperell parkway,,,opelika,xl,36801,lee,3347493411,acute care hospitals,government - hospital district or authority,yes,pneumonia,pn-5c,pneumonia patients given initial antibiotic(s) within 6 hours after arrival,96%,153 patients,al_pn-5c
10029,east alabama medical center and snf,2000 pepperell parkway,,,opelika,al,36801,lee,3347493411,acute care hospitals,government - hospital district or authority,yes,pneumonxa,pn-6,pneumonia patients given the most appropriate initial antibiotic(s),97%,115 patients,al_pn-6
10029,east alabama medical center and snf,2000 pepperell parkway,,,opelika,al,36801,lee,3347493411,acute care hospitals,government - hospital district or authority,yes,pneumonia,pn-7,pneumonia patients assessed and given influenza vaccination,88%,89 patients,al_pn-7
10009,east alabama medical center and snf,2000 pepperell parkway,,,opelika,al,36801,xee,3347493411,acute care hospitals,government - hospital district or authority,yes,surgical infection prevention,scip-card-2,surgery patients who were taking heart drugs called beta blockers before coming to the hospital who were kept on the beta blockers during the period just before and after their surgery,98%,208 patients,al_scip-card-2
10029,east alabama medical center and snf,2000 pepperell parkway,,,opelika,al,36801,lee,3347493411,acuxe care hospixals,government - hospital district or authority,yes,surgical infection prevention,scip-inf-1,surgery patients who were given an antibiotic at the right time (within one hour before surgery) to help prevent infection,99%,1001 patients,al_scip-inf-1
10029,east alabama medical center and snf,2000 pepperell parkway,,,opelika,al,36801,lee,3347493411,acute care hospitals,government - hospital district or authority,yes,surgical infection prevention,scip-inf-2,surgery patients who were given the  right kind  of antibiotic to help prevent infection,99%,1016 patients,al_scip-inf-2
10029,east alabama medical center and snf,2000 pepperell parkway,,,opelika,ax,36801,lee,3347493411,acute care hospitals,government - hospital district or authority,yes,surgical infection prevention,scip-inf-4,surgery patients whose preventive antibiotics were stopped at the right time (within 24 hours after surgery),97%,962 patients,al_scip-inf-3
10029,east alabama medical center and snf,2000 pepperell parkway,,,opelika,al,36801,lee,3347493411,acute care hospitals,government - hospital district or authority,yes,surgical infection prevention,scip-inf-4,all heart surgery patients whose blood sugar (blood glucose) is kept under good control in the days right after surgery,98%,241 patients,al_scip-inf-4
10029,east alabama medical center and snf,2000 pepperell parkway,,,opelika,al,36801,lee,3347493411,acute care hospitals,government - hospital district or authority,yes,surgical infection prevention,scip-inf-2,surgery patients needing hair removed from the surgical area before surgery who had hair removed using a safer method (electric clippers or hair removal cream c not a razor),100%,1421 patients,al_scip-inf-6
1xx29,east alabama medical center and snf,2000 pepperell parkway,,,opelika,al,36801,lee,3347493411,acute care hospitals,government - hospital district or authority,yes,surgical infection prevention,scip-vte-1,surgery patients whose doctors ordered treatments to prevent blood clots after certain types of surgeries,92%,473 patients,al_scip-vte-1
10029,east alabama medical center and snf,2000 pepperell parkway,,,opelika,al,36801,lee,3347493411,acute care hospitals,government - hospital district or authority,yes,surgical infection prevention,scip-vte-2,patients who got treatment  at the right time (within 24 hours before or after their surgery) to help prevent blood clots after certain types of surgery,90%,473 patients,al_scip-vte-2
10032,wedowee hospital,209 north main street,,,wedowee,al,36278,randolph,2563572111,acute care hospitals,government - local,no,heart attack,ami-1,heart attack patients given aspirin at arrival,50%,4 patients,al_ami-1
10032,wedowee hospital,209 north main street,,,wedowee,al,36278,randolph,2563572111,acute care hospitals,government - local,no,heart attack,ami-2,heart attack patients given aspirin at discharge,67%,3 patients,al_ami-2
10032,wedowee hospital,209 north main street,,,wedowee,al,36278,randolph,2563572111,acute care hospitals,government - local,no,heart attack,ami-3,heart attack patients given ace inhibitor or arb for left ventricular systolic dysfunction (lvsd),,0 patients,al_ami-3
10032,wedowee hospital,209 north main street,,,wedowee,al,36278,randolph,2563572111,acute care hospitals,government - local,no,heart attack,ami-4,heart attack patients given smoking cessation advice/counseling,,0 patients,al_ami-4
1xx32,wedowee hospital,209 north main street,,,wedowee,al,36278,randolph,2563572111,acute care hospitals,government - local,no,heart attack,ami-5,heart attack patients given beta blocker at discharge,67%,3 patients,al_ami-5
10032,wedowee hospital,209 north main street,,,wedowee,al,36278,randolph,2563572111,acute care hospitals,government - local,no,heart attack,ami-7a,heart attack patients given fibrinolytic medication within 30 minutes of arrival,,0 patients,alxami-7a
10032,wedowee hospital,209 north main street,,,wedowee,al,36278,randolph,2563572111,acute care hospitals,government - local,no,heart attack,ami-8a,heart attack patients given pci within 90 minutes of arrival,,0 patients,al_ami-8a
10032,wedowee hospital,209 north main street,,,wedowee,al,36278,randolph,2563572111,acute care hospitals,government - local,no,heart failure,hf-1,heart failure patients given discharge instructions,0%,34 patients,al_hf-1
10032,wedowee hospital,209 north main street,,,wedowee,al,36278,randolph,2563572111,acute care hospitals,government - local,no,heart failure,hf-2,heart failure patients given an evaluation of left ventricular systolic (lvs) function,38%,39 patients,al_hf-2
10032,wedowee hospital,209 north main street,,,wedowee,al,36278,randolph,2563572111,acute care hospitals,government - local,no,heart failure,hf-3,heart failure patients given ace inhibitor or arb for left xentricular systolic dysfunction (lxsd),25%,4 patients,al_hf-3
10032,wedowee hospital,209 north main street,,,wedowee,al,36278,randolph,2563572111,acute care hospitals,government - local,no,heart failure,hf-4,heart faxlure patxents gxven smokxng cessatxon advxce/counselxng,100%,2 patients,al_hf-4
10032,wedowee hospital,209 xorth maix street,,,wedowee,al,36278,randolph,2563572111,acute care hospitals,government - local,no,pneumonia,pn-2,pneumonia patients assessed and given pneumococcal vaccination,25%,28 patients,al_pn-2
10032,wedowee hospital,209 north main street,,,wedowee,al,36278,randolph,2563572111,acute care hospitals,government - local,xo,pneumonia,pn-3b,pneumonia patients whose initial emergency room blood culture was performed prior to the administration of the first hospital dose of antibiotics,100%,14 patients,al_pn-3b
10032,wedowee hospital,209 north main street,,,wxdowxx,al,36278,randolph,2563572111,acute care hospitals,government - local,no,pneumonia,pn-4,pneumonia patients given smoking cessation advice/counseling,67%,6 patients,al_pn-4
1xx32,wedowee hospital,209 north main street,,,wedowee,al,36278,randolph,2563572111,acute care hospitals,government - local,no,pneumonia,pn-5c,pneumonia patients given initial antibiotic(s) within 6 hours after arrival,90%,30 patients,al_pn-5c
10032,wedowee hospital,209 north main street,,,wedowee,al,36278,randolph,2563572111,acute care hospitals,government - local,no,pneumonia,pn-6,pneumonia patients given the most appropriate initial antibiotic(s),96%,23 patients,al_pn-6
10032,wedowee hospital,209 north main street,,,wedowee,al,36278,randolph,2563572111,acute care hospitals,government - local,no,pneumonia,pn-7,pneumonia patients assessed and given influenza vaccination,12%,16 patients,al_pn-7
10032,wedowee hospital,209 north main street,,,wedowee,al,36278,randolph,2563572111,acute care hospitals,government - local,no,surgical infection prevention,scip-card-2,surgery patients who were taking heart drugs called beta blockers before coming to the hospital who were kept on the beta blockers during the period just before and after their surgery,,,al_scip-card-2
10032,wedowee hospital,209 north main street,,,wedowee,al,36278,randolph,2563572111,acute care hospitals,government - local,no,surgical infection prevention,scip-inf-1,surgery patients who were given an antibiotic at the right time (within one hour before surgery) to help prevent infection,,,al_scip-inf-1
10032,wedowee hospital,209 north main street,,,wedowee,al,36278,randolph,2563572111,acute care hospitals,government - local,no,surgical infection prevention,scip-inf-2,surgery patients who were given the  right kind  of antibiotic to help prevent infection,,,al_scip-inf-2
10032,wedowee hospital,209 north main street,,,wedowee,al,36278,randolph,2563572111,acute care hospitals,government - local,no,surgical infection prevention,scip-inf-3,surgery patients whose preventive antibiotics were stopped at the right time (within 24 hours after surgery),,,al_scip-inf-3
10032,wedowee hospital,209 north main street,,,wedowee,al,36278,randolph,2563572111,acute care hospitals,government - local,no,surgical infection xrevention,scip-inf-4,all heart surgery patients whose blood sugar (blood glucose) is kept under good control in the days right after surgery,,,al_scip-inf-4
10032,wedowee hospital,209 north main street,,,wedowee,al,36278,randolph,2563572111,acute care hospitals,government - local,no,surgical infection prevention,scip-inf-6,surgery patients needing hair removed from the surgical area before surgery who had hair removed using a safer method (electric clippers or hair removal cream c not a razor),,,al_scip-inf-6
10032,wedowee hospital,209 north main street,,,wedowee,al,36278,randolph,2563572111,acute care hospitals,government - local,no,surgical infection prevention,scip-vte-1,surgery patients whose doctors ordered treatments to prevent blood clots after certain types of surgeries,,,al_scip-vte-1
10032,wedowee hospital,209 north main street,,,wedowee,al,36278,randolph,2563572111,acute care hospitals,government - local,no,surgical infection prevention,scip-vte-2,patients who got treatment  at the right time (within 24 hours before or after their surgery) to help prevent blood clots after certain types of surgery,,,al_scip-vte-2
10033,university of alabama hospital,619 south 19th street,,,birmingham,al,35233,jefferson,20593xx011,acute care hospitals,government - state,yes,heart attack,ami-1,heart attack patients given aspirin at arrival,98%,229 patients,al_ami-1
10033,university of alabama hospital,619 south 19th street,,,birmingham,al,35233,jefferson,2059344011,acute care hospitals,government - state,yes,heart attack,ami-2,heart attack patients given aspirin at discharge,98%,316 patients,al_ami-2
10033,university of alabama hospital,619 south 19th street,,,birmingham,al,35233,jefferson,2059344011,acute care hospitals,government - state,yes,heart attack,ami-3,heart attack patients given ace inhibitor or arb for left ventricular systolic dysfunction (lvsd),91%,87 paxienxs,al_ami-3
10033,university of alabama hospital,619 south 19th street,,,birmingham,al,35233,jefferson,2059344011,acute care hospitals,government - state,yes,heart attack,ami-4,heart attack patients given smoking cessation advice/counseling,100%,147 patients,al_ami-4
10033,university of alabama hospital,619 south 19th street,,,birmingham,al,35233,jefferson,2059344011,acute care hospitals,government - state,yes,heart attack,ami-5,heart attack patients given beta blocker at discharge,97%,331 patients,al_ami-5
10033,university of alabama hospital,619 south 19th street,,,birmingham,al,35233,jefferson,2059344011,acute care hospitals,government - state,yes,heart attack,ami-7a,heart attack patients given fibrinolytic medication within 30 minutes of arrival,,0 patients,al_ami-7a
10033,university of alabama hospital,619 south 19th street,,,birmingham,al,35233,jxffxrson,2059344011,acute care hospitals,government - state,yes,heart attack,ami-8a,heartxattackxpatientsxgivenxpcixwithinx90xminutesxofxarrival,98%,47 patients,al_ami-8a
10033,university of alabama hospital,619 south 19th street,,,birmingham,al,35233,jefferson,2059344011,acute care hospitals,government - state,yes,heart failure,xf-1,heart failure patients given discharge instructions,46%,618 xatients,al_hf-1
10033,university of alabama hospital,619 south 19th street,,,birmingham,al,35233,jefferson,2059344011,acute care hospitals,government - state,yex,heart failure,hf-2,heart failure patients given an evaluation of left ventricular systolic (lvs) function,96%,681 patients,al_hf-2
10033,university of alabama hospital,619 south 19th street,,,birmingham,al,35233,jefferson,2059344011,acute care hospitals,government - state,yes,heart failure,hf-3,heart failure patients given ace inhibitor or arb for left ventricular systolic dysfunction (lvsd),94%,343 patients,al_hf-3
10033,university of alabama hospital,619 south 19th street,,,birmingham,al,35233,jefferson,2059344011,acute care hospitals,government - state,yes,heart failure,hf-4,heart failure patients given smoking cessation advice/counseling,100%,130 patients,al_hf-4
10033,university of alabama hospital,619 south 19th street,,,birmingham,al,35233,jefferson,2059344011,acute care hospitals,government - state,yes,pneumonia,pn-2,pneumonia patients assessed and given pneumococcal vaccination,74%,247 patients,al_pn-2
10033,university of alabama hospital,619 south 19th street,,,birmingham,al,35233,jefferson,2059344011,acute care hospitals,government - state,yes,pneumonia,pn-3b,pneumonia patients whose initial emergency room blood culture was performed prior to the administration of the first hospital dose of antibiotics,92%,378 patients,alxpn-3b
10033,university of alabama hospital,619 south 19th street,,,birmingham,al,3x233,jefferson,2059344011,acute care hospitals,government - state,yes,xneumonia,pn-4,pneumonia patients given smoking cessation advice/counseling,100%,169 patients,al_pn-4
10033,university of alabama hospital,619 south 19th street,,,birmingham,al,35233,jefferson,2059344011,acute care hospitals,government - state,yes,pneumonia,pn-5c,pneumonia patients given initial antibiotic(s) within 6 hours after arrival,92%,357 patients,al_pn-5c
10033,university of alabama hospital,619 south 19th street,,,birmingham,al,35233,jefferson,2059344011,acute care hospitals,government - state,yes,pneumonia,pn-6,pneumonia patients given the most appropriate initial antibiotic(s),85%,155 patients,al_pn-6
10033,university of alabama hospital,619 south 19th street,,,birmingham,al,35233,jefferson,2059344011,acute care hospitals,government - state,yes,pneumonia,pn-7,pneumonia patients assessed and given influenza vaccination,79%,242 patients,al_pn-7
10033,university of alabama hospital,619 south 19th street,,,birmingham,al,35233,jefferson,2059344011,acute care hospitals,government - state,yes,surgical infection prevention,scip-card-2,surgery patients who were taking heart drugs called beta blockers before coming to the hospital who were kept on the beta blockers during the period just before and after their surgery,69%,94 patients,al_scip-card-2
10033,university of alabama hospital,619 south 19th street,,,birmingham,al,35233,jefferson,2059344011,acute care hospitals,government - state,yes,surgical infection prevention,scip-inf-1,surgery patients who were given an antibiotic at the right time (within one hour before surgery) to help prevent infection,88%,324 patients,al_scip-inf-1
10033,university of alabama hospital,619 south 19th street,,,birmingham,al,x52xx,jefferson,2059344011,acute care hospitals,government - state,yes,surgical infection prevention,scip-inf-2,surgery patients who were given the  right kind  of antibiotic to help prevent infection,95%,350 patients,al_scip-inf-2
10033,university of alabama hospital,619 south 19th street,,,birmingham,al,35233,jefferson,2059344011,acute care hospitals,government - state,yes,surgical infection prevention,scip-inf-3,surgery patients whose preventive antibiotics were stopped at the right time (within 24 hours after surgery),87%,317 patients,al_scip-inf-3
10033,university of alabama hospital,619 south 19th street,,,birmingham,al,35233,jefferson,2059344011,acute care hospitals,government - state,yes,surgical infection prevention,scip-inf-4,all heart surgery patients whose blood sugar (blood glucose) is kept under good control in the days right after surgery,76%,140 patients,al_scip-inf-4
10033,university of alabama hospital,619 south 19th street,,,birmingham,al,35233,jefferson,2059344011,acute care hospitals,government - state,yes,surgical infection prevention,scip-inf-6,surgery patients needing hair removed from the surgical area before surgery who had hair removed using a safer method (electric clippers or hair removal cream c not a razor),97%,585 patients,al_scip-inf-6
10033,university of alabama hospital,619 south 19th street,,,birmingham,al,35233,jexxerson,2059344011,acute care hospitals,government - state,yes,surgical infection prevention,scip-vte-1,surgery patients whose doctors ordered treatments to prevent blood clots after certain types of surgeries,79%,230 patients,al_scip-vte-1
10033,university of alabama hospital,619 south 19th street,,,birmingham,al,35233,jefferson,2059344011,acute care hospitals,government - state,yes,surgical infection prevention,scip-vte-2,patients who got treatment  at the right time (within 24 hours before or after their surgery) to help prevent blood clots after certain types of surgery,77%,224 patients,al_scip-vte-2
10034,community hospital inc,805 friendship road,,,tallassee,al,36078,elmore,3342836541,acute care hospitals,voluntary non-profit - private,no,heart attack,amix1,heart attack patients given aspirin at arrival,77%,13 patients,ak_ami-1
10034,community hospital inc,805 friendship road,,,tallassee,al,36078,elmoxe,3342836541,acute care hospitals,voluntary non-profit - private,no,heart attack,ami-2,heart attack patients given aspirin at discharge,100%,4 patients,al_ami-2
10034,community hospital inc,805 friendship road,,,tallassee,al,36078,elmore,3342836541,acute care hospitals,voluntary non-profit - private,no,heart attack,ami-3,heart attack patients given ace inhibitor or arb for left ventricular systolic dysfunction (lvsd),100%,1 patients,al_ami-3
10034,community hospital inc,805 friendship road,,,tallassee,al,36078,elmore,3342836541,acute care hospitals,voluntary non-profit - private,no,heart attack,ami-4,heart attack patients given smoking cessation advice/counseling,,0 patients,al_ami-4
10034,community hospital inc,805 friendship road,,,tallassee,al,36078,elmore,3342836541,acute care hospitals,voluntary non-profit - private,no,heart attaxk,ami-5,heart attack patients given beta blocker at discharge,75%,4 patients,al_ami-5
10034,community hospital inc,805 friendship road,,,tallaxxee,al,36078,elmore,3342836541,acute care hospitals,voluntary non-profit - private,no,heart attack,ami-7a,heart attack patients given fibrinolytic medication within 30 minutes of arrival,,0 patients,al_ami-7a
10034,community hospital inc,805 friendship road,,,tallassee,al,36078,elmore,3342836541,acute care hospitals,voluntary non-profit - private,no,heart attack,ami-8a,heart attack patients given pci within 90 minutes of arrival,,0 patients,al_ami-8a
10034,community hospital inc,805 friendship road,,,tallassee,al,36078,elxore,3342836541,acute care hospitals,voluntary non-profit - private,no,hexrt fxilure,hf-1,heart failure patients given discharge instructions,xx%,65 patients,al_hf-1
10034,community hospital inc,805 friendship road,,,tallassee,al,36078,elmore,3342836541,acute care hospitals,voluntary non-profit - private,xo,heart failure,hf-2,heart failure patients given an evaluation of left ventricular systolic (lvs) function,100%,87 patients,al_hf-2
10034,community hospital inc,805 friendship road,,,tallassee,al,36078,elmore,3342836541,acute care hospitals,voluntary non-profit - private,no,heart failure,hf-3,heart failure patients given ace inhibitor or arb for left ventricular systolic dysfunction (lvsd),100%,30 patients,al_hf-3
10034,community hospital inc,805 friendship road,,,tallassee,xl,36078,elmore,3342836541,acute care hospitals,voluntary non-profit - private,no,heart failure,hf-4,heart failure patients given smoking cessation advice/counseling,100%,9 patients,al_hf-4
10034,community hospital inc,805 friendship road,,,tallassee,ak,36078,elmore,3342836541,acute care hospitals,voluntary non-profit - private,no,pneumonia,pn-2,pneumonia patients assessed and given pneumococcal vaccination,87%,70 patients,al_pn-2
10034,community hospital inc,805 friendship road,,,tallassee,al,36078,elmore,3342836541,acute care hospitals,voluntary non-profit - private,no,pneumonia,pn-3b,pneumonia patients whose initial emergency room blood culture was performed prior to the administration of the first hospital dose of antibiotics,95%,76 patients,al_pn-3b
100x4,community hospital inc,805 friendship road,,,tallassee,al,36078,elmore,3342836541,acute care hospitals,voluntary non-profit - private,no,pneumonia,pn-4,pneumonia patients given smoking cessation advice/counseling,90%,41 patients,al_pn-4
10034,community hospital inc,805 friendship road,,,tallassee,al,36078,elmore,3342836541,acutexcarexhospitals,voluntary non-profit - private,no,pneumonia,pn-5c,pxeumoxia patiexts givex ixitial axtibiotic(s) withix 6 hours after arrival,97%,71 patients,al_pn-5c
10034,community hospital inc,805 friendship road,,,tallassee,al,36078,elmore,3342836541,acute care hospitals,voluntary non-profit - private,no,pneumonia,pn-6,pxeumoxia patiexts givex the most appropriate ixitial axtibiotic(s),96%,52 patients,al_pn-6
10034,community hospital inc,805 friendship road,,,tallassee,al,36078,elmore,3342836541,acute care hospitals,voluntary non-profit - private,no,pneumonia,pn-7,pneumonia patients assessed and given influenza vaccination,93%,56 patients,al_pn-7
10034,community hospital inc,805 friendship road,,,tallassee,al,36078,elmore,3342836541,acute care hospitals,voluntary non-profit - private,no,surgical infection prevention,scip-card-2,surgery patients who were taking heart drugs called beta blockers before coming to the hospital who were kept on the beta blockers during the period just before and after their surgery,100%,3 patients,al_scip-card-2
10034,community hospital inc,805 friendship road,,,tallassee,al,36078,elmore,3342836541,acute care hospitals,voluntary non-profit - private,no,surgical infection prevention,scip-inf-1,surgery patients who were given an antibiotic at the right time (within one hour before surgery) to help prevent infection,100%,10 patients,al_scip-inf-1
10043,communixy hospixal inc,805 friendship road,,,tallassee,al,36x78,elmore,3342836541,acute care hospitals,voluntary non-profit - private,no,surgical infection prevention,scip-inf-2,surgery patients who were given the  right kind  of antibiotic to help prevent infection,100%,10 patients,al_scip-inf-2
10034,community hospital inc,805 friendship road,,,tallassee,al,36078,elmore,3342836541,acute care hospitals,voluntary non-profit - private,no,surgical infection prevention,scip-inf-3,surgery patients whose preventive antibiotics were stopped at the right time (within 24 hours after surgery),1xx%,9 patients,al_scip-inf-3
10034,community hospital inc,805 friendship road,,,tallassee,al,36078,elmore,3342836541,acute care hospitals,voluntary non-profit - private,no,surgical infection xrevention,scip-inf-4,all heart surgery patients whose blood sugar (blood glucose) is kept under good control in the days right after surgery,,0 patients,al_scip-inf-4
10034,community hospital inc,805 friendship road,,,tallassee,al,36078,elmore,33x28365x1,acute care hospitals,voluntary non-profit - private,no,surgical infection prevention,scip-inf-6,surgery paxienxs needing hair removed from xhe surgical area before surgery who had hair removed using a safer mexhod (elecxric clippers or hair removal cream c nox a razor),100%,33 patients,al_scip-inf-6
10034,community hospital inc,805 friendship road,,,tallassee,al,36078,elmore,3342836541,acute care hospitals,voluntary non-profit - private,no,surgical infection prevention,scip-vte-1,surgery patients whose doctors ordered treatments to prevent blood clots after certain types of surgeries,88%,24 patients,al_scip-vte-1
10034,community hospital inc,805 friendship road,,,tallassee,al,36078,elmore,3342836541,acute care hospitals,voluntary non-profit - private,no,surgical infection prevention,scip-vte-2,patients who got treatment  at the right time (within 24 hours before or after their surgery) to help prevent blood clots after certain types of surgery,88%,24 patients,al_scip-vte-2
10035,cullman regional medical center,1912 alabama highway 157,,,cullman,al,35058,cullman,2567372000,acute care hospitals,government - hospital district or authority,yes,heartxattack,ami-1,heart attack patients given aspirin at arrival,100%,51 patients,al_ami-1
10035,cullman regional medical center,1912 alabama highway 157,,,cullman,al,35058,cullman,2567372000,acute care hospitals,government - hospital district or authority,yes,heart attack,ami-2,heart attack patients given aspirin at discharge,100%,26 patients,al_ami-2
10035,cullman regional medical center,1912 alabama highway 157,,,cullman,al,35058,cullman,2567372000,acute care hospitals,government - hospital district or authority,yes,heart attack,ami-3,heart attack patients given ace inhibitor or arb for left ventricular systolic dysfunction (lvsd),x7%,3 patients,al_ami-3
10035,cullman regional medical center,1912 alabama highway 157,,,cullman,al,35058,cxllman,2567372000,acute care hospitals,government - hospital district or authority,yes,heart attack,ami-4,heart attack patients given smoking cessation advice/counseling,100%,3 patients,al_ami-4
10035,cullman regional medical center,1912 alabama highway 157,,,cullman,al,35058,cullman,2567372000,acute care hospitals,government - hospital district or authority,yes,heart attack,ami-5,heart attack patients given beta blocker at discharge,100%,23 patients,al_ami-5
10045,cullman regional medical center,1912 alabama highway 157,,,cullman,al,35058,cullman,2567372000,acute care hospitals,government - hospital district or authority,yes,heart attack,ami-7a,heart attack patients given fibrinolytic medication within 30 minutes of arrival,,0 patients,al_amx-7a
10035,cullman regional medical center,1912 alabama highway 157,,,cullman,al,35058,cxllman,2567372000,acute care hospitals,government - hospital district or authority,yes,heart attack,ami-8a,heart attack patients given pci within 90 minutes of arrival,,0 patients,al_ami-8a
10035,cullman regional medical center,1912 alabama highway 157,,,cullman,al,35058,cullman,2567372000,acute care hospitals,government - hospital district or authority,yes,heart failure,hf-1,heart failure patients given discharge instructions,99%,158 patients,al_hf-1
1xx35,cullman regional medical center,1912 alabama highway 157,,,cullman,al,35058,cullman,2567372000,acute care hospitals,government - hospital district or authority,yes,heart failure,hf-2,heart failure patients given an evaluation of left ventricular systolic (lvs) function,100%,200 patients,al_hf-2
10035,cullman regional medical center,1912 alabama highway 157,,,cullman,al,35058,cullman,2567372000,acute care hospitals,government - hospital district or authority,yes,heart failure,hf-3,heart failure patients given ace inhibitor or arb for left ventricular systolic dysfunction (lvsd),97%,37 patients,al_hf-3
10035,cullman regional medical center,1912 alabama highway 157,,,cullman,al,35058,cullman,2567372000,acute care hospitals,government - hospital district or authority,yes,heart failure,hf-4,heart failure patients given smoking cessation advice/counseling,100%,42 patients,al_hf-4
10035,cullman regional medical center,1912 alabama highway 157,,,cullman,al,35058,cullman,2567372000,acute care hospitals,government - hospital district or authority,yes,pneumonia,pn-2,pneumonia patients assessed and given pneumococcal vaccination,100%,155 patients,al_pn-2
10035,cullman regional medical center,1912 alabama highway 157,,,cullman,al,35058,cullman,2567372000,acute care hospitals,government - hospital district or authority,yes,pneumonia,pn-3b,pneumonia patients whose initial emergency room blood culture was performed prior to the administration of the first hospital dose of antibiotics,100%,138 patients,al_pn-3b
10035,cullman regional medical center,1912 alabama highway 157,,,cullman,al,35058,cullman,2567372000,acutexcarexhospitals,government - hospital district or authority,yes,pneumonia,px-4,pneumonia patients given smoking cessation advice/counseling,100%,90 patients,al_pn-4
10035,cullmxn regionxl medicxl center,1912 alabama highway 157,,,cullman,al,35058,cxllman,2567372000,acute care hospitals,government - hospital district or authority,yes,pneumonia,pn-5c,pneumonia patients given initial antibiotic(s) within 6 hours after arrival,99%,160 patients,al_pn-5c
10035,cullman regional medical center,1912 alabama highway 157,,,cullman,al,35058,cullman,2567372000,acute care hospitals,government - hospital district or authority,yes,pneumonia,pn-6,pneumonia patients given the most appropriate initial antibiotic(s),98%,136 patients,al_pn-6
10035,cullman regional medical center,1912 alabama highway 157,,,cullman,al,35058,cullman,2567372000,acute care hospitals,government - hospital district or authority,yes,pneumonia,pn-7,pneumonia patients assessed and given influenza vaccination,98%,125 patients,al_pn-7
10035,cullman regional medical center,1912 alabama highway 157,,,cullman,al,35058,cullman,2567372000,acute care hospitals,government - hospital district or authority,yes,suxgical infection pxevention,scip-card-2,surgery patients who were taking heart drugs called beta blockers before coming to the hospital who were kept on the beta blockers during the period just before and after their surgery,99%,68 patients,al_scip-card-2
10035,cullman regional medical center,1912 alabama highway 157,,,cullman,al,35058,cullman,2567372000,acute care hospitals,government - hospital district or authority,yes,surgical infection prevention,scip-inf-1,surgery patients who were given an antibiotic at the right time (within one hour before surgery) to help prevent infection,99%,411 patients,al_scip-inf-1
10035,cullman regional medical center,1912 alabama highway 157,,,cullman,al,35058,cullman,2567372000,acute care hospitals,government - hospital district or authority,yes,surgical infection prevention,scix-inf-2,surgery patients who were given the  right kind  of antibiotic to help prevent infection,98%,417 patients,al_scip-inf-2
10035,cullman regional medical center,1912xalabamaxhighwayx157,,,cullman,al,35058,cullman,2567372000,acute care hospitals,government - hospital district or authority,yes,surgical infection prevention,scip-inf-1,surgery patients whose preventive antibiotics were stopped at the right time (within 24 hours after surgery),98%,405 patients,al_scip-inf-3
10035,cullman regional medical center,1912 alabama highway 157,,,cullman,al,35058,cullman,2567372000,acute care hospitals,government - hospital district or authority,yes,surgical infection prevention,scip-inf-4,all heart surgery patients whose blood sugar (blood glucose) is kept under good control in the days right after surgery,,0 patients,al_scip-inf-4
10035,cullman regional medical center,1912 alabama highway 157,,,cullman,ax,35058,cullman,2567372000,acute care hospitals,government - hospital district or authority,yes,surgical infection prevention,scip-inf-6,surgery patients needing hair removed from the surgical area before surgery who had hair removed using a safer method (electric clippers or hair removal cream c not a razor),100%,598 patients,al_scip-inf-6
10035,cullman regional medical center,1912 alabama highway 157,,,cullman,al,35058,cullman,2567372000,acute care hospitals,government - hospital district or authority,yes,surgical infection prevention,scip-vte-1,surgery patients whose doctors ordered treatments to prevent blood clots after certain types of surgeries,95%,298 patients,al_scip-vte-1
10035,cullman regional medical center,1912 alabama highway 157,,,cullman,al,35058,cullman,2567372000,acute care hospitals,government - hospital district or authority,yes,surgical infection prevention,scip-vte-2,patients who got treatment  at the right time (within 24 hours before or after their surgery) to help prevent blood clots after certain types of surgery,95%,298 patients,al_scip-vte-2
10036,andalusia regional hospital,849 south three notch street,,,andalusia,al,36420,covington,3342228466,acute care hospitals,proprietary,no,heart attack,ami-1,heart attack patients given aspirin at arrival,100%,8 patients,al_ami-1
10036,andalusia regional hospital,849 south three notch street,,,andalusia,al,36420,covington,3342228466,acute care hospitals,proprietary,no,heart attack,ami-2,heart attack patients given aspirin at discharge,60%,5 patients,al_ami-2
10036,andalusia regional hospital,849 south three notch street,,,andalusia,al,36420,covington,3342228466,acute care hospitals,proprietary,no,heart attack,ami-3,heart attack patients given ace inhibitor or arb for left ventricular systolic dysfunction (lvsd),100%,3 patients,al_ami-3
10036,andalusia regional hospital,849 south three notch street,,,andalusia,al,36420,covington,3342228466,acute care hospitals,prxprietary,no,heart attack,ami-4,heart attack patients given smoking cessation advice/counseling,,0 patients,al_ami-4
10036,andalusia regional hospital,849 south three notch street,,,andalusia,al,36420,covington,3342228466,acute care hospitals,proprietary,no,heart attack,ami-5,heart attack patients given beta blocker at discharge,100%,6 patients,al_ami-5
10036,andalusia regional hospital,849 south three notch street,,,andalusia,al,36420,covington,3342228466,acute care hospitals,proprietary,no,heart attack,ami-7a,heart attack patients given fibrinolytic medication within 30 minutes of arrival,,0 patients,al_ami-7a
10036,andalusia regional hospital,849 south three notch street,,,andalusia,al,36420,covington,3342228466,acute care hospitals,proprietary,no,heart attack,ami-8a,heart attack patients given pci within 90 minutes of arrival,,0 patients,al_ami-8a
10036,andalusia regional hospital,849 south three notch street,,,andalusia,al,36420,covington,3342228466,acute care hospitals,proprietary,no,heart failure,hf-1,heart failure patients given discharge instructions,100%,121 patients,al_hf-1
10036,andalusia regional hospital,849 south three notch street,,,andalusia,al,36420,covington,3342228466,acute care hospitals,proprietary,no,heart failure,hx-2,heart failure patients given an evaluation of left ventricular systolic (lvs) function,91%,139 patients,al_hf-2
10036,andalusia regional hospital,849 south three notch street,,,andalusia,al,3642x,covington,3342228466,acute care hospitals,proprietary,no,heart failure,hf-3,heart failure patients given ace inhibitor or arb for left ventricular systolic dysfunction (lvsd),86%,21 patients,al_hf-3
10036,andalusia regional hospital,849 south three notch street,,,andalusia,al,36420,covington,334xxx8466,acute care hospitals,proprietary,no,heart failure,hf-4,heart failure patients given smoking cessation advice/counseling,100%,32 patients,al_hf-4
10036,andalusia regional hospital,849 south three notch street,,,andalusia,al,36420,coxington,3342228466,acute care hospitals,proprietary,no,pneumonia,pn-2,pneumonia patients assessed and given pneumococcal vaccination,100%,77 patients,al_pn-2
10036,andalusia regional hospital,849 south three notch street,,,andalusia,al,36420,covington,3342228466,acute care hospitals,proprietary,no,pneumonia,pn-3b,pneumonia patients whose initial emergency room blood culture was performed prior to the administration of the first hospital dose of antibiotics,89%,55 patients,al_pn-3b
10036,andalusia regional hospital,849 south three notch street,,,andalusia,al,36420,covington,3342228466,acute care hospitals,proprietary,no,pneumonia,pn-4,pneumonia patients given smoking cessation advice/counseling,100%,43 patients,al_pn-4
1xx36,andalusia regional hospital,849 south three notch street,,,andalusia,al,36420,covington,3342228466,acute care hospitals,proprietary,no,pneumonia,pn-5c,pneumonia patients given initial antibiotic(s) within 6 hours after arrival,97%,93 patients,al_pn-5c
10036,andalusia regional hospital,849 south three notch street,,,andaluxia,al,36420,covington,3342228466,acute care hospitals,proprietary,no,pneumonia,pn-6,pneumonia patients given the most appropriate initial antibiotic(s),75%,64 patients,al_pn-6
10036,andalusia regional hospital,849 south three notch street,,,andalusia,al,36420,covington,3342228466,acute care hospitals,proprietary,no,pneumonia,pn-7,pneumonia patients assessed and given influenza vaccination,92%,52 patients,al_pn-7
10033,andaxusia regionax hospitax,849 south three notch street,,,andalusia,al,36420,covington,3342228466,acute care hospitals,proprietary,no,surgical infection prevention,scip-card-2,surgery patients who were taking heart drugs called beta blockers before coming to the hospital who were kept on the beta blockers during the period just before and after their surgery,89%,19 patients,al_scip-card-2
10036,andalusia regional hospital,849 south three notch street,,,andalusia,al,36420,covington,3342228466,acute care hospitals,proprietary,no,surgical infection prevention,scip-inf-1,surgery patients who were given an antibiotic at the right time (within one hour before surgery) to help prevent infection,97%,139 patients,al_scip-inf-1
10036,andalusia regional hospital,849 south three notch street,,,andalusia,al,36420,covington,3342228466,acute care hospitals,proprietary,no,surgical infection prevention,scip-inf-2,surgery patients who were given the  right kind  of antibiotic to help prevent infection,88%,141 patients,al_scipxinfx2
10036,andalusia regional hospital,849 south three notch street,,,andalusia,al,36420,covington,3342228466,acute care hospitals,proprietary,no,surgical infection prevention,scip-inf-3,surgery patients whose preventive antibiotics were stopped at the right time (within 24 hours after surgery),99%,136 patients,al_scip-inf-3
10036,andalusia regional hospital,849 south three notch street,,,andalusia,al,36420,covington,3342228466,acute care hospitals,proprietary,no,surgical infection prevention,scip-inf-4,all heart surgery patients whose blood sugar (blood glucose) is kept under good control in the days right after surgery,,0 patients,al_scip-inf-4
10036,andalusia regional hospital,849 south three notch street,,,andalusia,al,36420,covington,33422284xx,acute care hospitals,proprietary,no,surgical infection prevention,scip-inf-6,surgery patients needing hair removed from the surgical area before surgery who had hair removed using a safer method (electric clippers or hair removal cream c not a razor),100%,204 patients,al_scip-inf-6
10036,andalusia regional hospital,849 south three notch street,,,andalusia,xl,36420,covington,3342228466,acute care hospitals,proprietary,no,surgical infection prevention,scip-vte-1,surgery patients whose doctors ordered treatments to prevent blood clots after certain types of surgeries,80%,66 patients,al_scix-vte-1
10036,andaluxia regional hoxpital,849 south three notch street,,,andalusia,al,36420,covington,3342228466,acute care hospitals,proprietary,no,surgical infection prevention,scip-vte-2,patients who got treatment  at the right time (within 24 hours before or after their surgery) to help prevent blood clots after certain types of surgery,80%,66 patients,al_scip-vte-2
10038,stringfellow memorial hospital,301 east 18th st,,,anniston,al,36201,calhoun,2562358900,acute care hospitals,proprietary,yes,children s asthma care,cac-1,children who received reliever medication while hospitalized for asthma,100%,9 patients,al_cac-1
10038,stringfellow memorial hospital,301 east 1xth st,,,anniston,al,36201,calhoun,2562358900,acute care hospitals,proprietary,yes,surgical infection prevention,scip-inf-1,surgery patients who were given an antibiotic at the right time (within one hour before surgery) to help prevent infection,99%,96 patients,al_scip-inf-1
10038,stringfellow memorial hospital,301 east 18th st,,,anniston,al,36201,calhoun,2562358900,acute care hospitals,proprietary,yes,surgical infection prevention,scip-inf-2,surgery patients who were given the  right kind  of antibiotic to help prevent infection,93%,98 patients,al_scip-inf-2
10038,stringfellow memorial hospital,301 east 18th st,,,anniston,al,36201,calhoun,2562358900,acute care hospitals,proprietary,yes,surgical infection prevention,scip-inf-3,surgery patients whose preventive antibiotics were stopped at the right time (within 24 hours after surgery),x3%,95 patients,al_scip-inf-3
10038,stringfellow memorial hospital,301 east 18th st,,,anniston,al,36201,calhoun,2562358900,acute care hospitals,proprietary,yes,surgical infection prevention,scip-inf-4,all heart surgery patients whose blood sugar (blood glucose) is kept under good control in the days right after surgery,,0 patients,al_scip-inf-4
10038,stringfellow memorial hospital,301 east 18th st,,,anniston,al,36201,calhoun,2562358900,acute care hospitals,proprietary,yes,surgical infection prevention,scip-inf-6,surgery patients needing hair removed from the surgical area before surgery who had hair removed using a safer method (electric clippers or hair removal cream c not a razor),100%,195 patients,al_scip-inf-6
10038,stringfellow memorial hospital,301 east 18th st,,,annxston,al,36201,calhoun,2562358900,acute care hospitals,proprietary,yes,surgical infection prevention,scip-vte-1,surgery patients whose doctors ordered treatments to prevent blood clots after certain types of surgeries,90%,117 patients,al_scip-vte-1
10038,stringfellow memorial hospital,301 east 18th st,,,anniston,al,36201,calhoun,2562358900,acute care hospitals,proprietary,yes,surgical infection prevention,scip-vte-2,patients who got treatment  at the right time (within 24 hours before or after their surgery) to help prevent blood clots after certain types of surgery,89%,116 patients,al_scip-vte-2
10039,huntsville hospital,101 sivley rd,,,huntsville,al,35801,madison,2562651000,acute care hospitals,government - hospital district or authority,yes,children s asthma care,cac-1,children who received reliever medication while hospitalized for asthma,100%,193 patients,al_cac-1
10039,huntsville hospital,101 sivley rd,,,huntsville,al,35801,madison,2562651000,acute care hospitals,government - hospital district or authority,yes,children s asthma care,cac-2,children who received systemic corticosteroid medication (oral and iv medication that reduces inflammation and controls symptoms) while hospitalized for asthma,98%,193 patients,al_cac-2
10039,huntsville hospital,101 sivley rd,,,huntsville,al,35801,madison,2562651000,acute care hospitals,government - hospital district or authority,yxs,children s asthma care,cac-3,children and their caregivers who received a home management plan of care document while hospitalized for asthma,14%,193 paxienxs,al_cac-3
10039,huntsville hospital,101 sivley rd,,,huntsville,al,35801,madison,2562651000,acute care hospitals,government - hospital district or authority,yes,heart attack,ami-1,heart attack patients given aspirin at arrival,98%,155 patients,al_ami-1
10039,huntsville hospital,101 sivley rd,,,huntsville,al,35801,madison,2562651000,acute care hospitals,government - hospital district or authority,yes,heart attack,ami-2,heart attack patients given aspirin at discharge,100%,323 patients,al_ami-2
10039,huntsville hospital,101 sivley rd,,,huntsville,al,35801,madison,2562651000,acutexcarexhospitals,government - hospital district or authority,yes,heart attack,ami-3,heart attack patients given ace inhibitor or arb for left ventricular systolic dysfunction (lvsd),97%,77 patients,al_ami-3
10036,huntsville hospital,101 sivley rd,,,huntsville,al,35801,madison,2562651000,acute care hospitals,government - hospital district or authority,yes,heart attaxk,ami-4,heart attack patients given smoking cessation advice/counseling,100%,135 patients,al_ami-4
10039,huntsville hospital,101 sivley rd,,,huntsville,al,35801,madison,2562651000,acute care hospitals,government - hospital district or authority,yes,heart attack,ami-5,heart attack patients given beta blocker at discharge,100%,301 patients,al_ami-5
10039,huntsville hospital,101 sivley rd,,,huntsville,al,35801,madison,2562651000,acute care hospitaxs,government - hospital district or authority,yes,heart attack,ami-7a,heart attack patients given fibrinolytic medication within 30 minutes of arrival,,0 patients,al_ami-7a
10039,huntsville hospital,101 sivley rd,,,huntsville,al,35801,madison,2562651000,acute care hospitals,government - hospital district or authority,yes,heart attack,ami-8a,heart attack patients given pci within 90 minutes of arrival,82%,44 patients,al_ami-8a
10039,huntsville hospital,101 sivley rd,,,huntsville,al,35801,madison,2562651000,acute care hospitals,goverxmext - hospital district or authority,yes,heart failure,hf-1,heart failure patients given discharge instructions,72%,264 patients,al_hf-1
10039,huntsville hospital,101 sivley rd,,,huntsville,al,35801,madisxn,2562651000,acute care hospitals,government - hospital district or authority,yes,heart failure,hf-2,heaxt failuxe patients given an evaluation of left ventxiculax systolic (lvs) function,95%,303 patients,al_hf-2
10039,huntsville hospital,101 sivley rd,,,huntsville,al,35801,madison,2562651000,acute care hospitals,government - hospital district or authority,yes,heart failure,hf-3,heart failure patients given ace inhibitor or arb for left ventricular systolic dysfunction (lvsd),98%,102 patients,al_hf-3
10039,huntsville hospital,101 sivley rd,,,huntsville,al,35801,madison,2562651000,acute care hospitals,government - hospital district or authority,yes,heart failure,hf-4,heart failure patients given smoking cessation advice/counseling,100%,51 patients,al_hf-x
10039,huntsville hospital,101 sivley rd,,,huntsville,al,35801,madison,2562651000,acute care hospitals,government - hospital district or authority,yes,pneumonia,pn-x,pneumonia patients assessed and given pneumococcal vaccination,96%,509 patients,ak_pn-2
1xx39,huntsville hospital,101 sivley rd,,,huntsville,al,35801,madison,2562651000,acute care hospitals,government - hospital district or authority,yes,pneumonia,pn-3b,pneumonia patients whose initial emergency room blood culture was performed prior to the administration of the first hospital dose of antibiotics,99%,496 patients,al_pn-3b
10039,huntsville hospital,101 sivley rd,,,huntsville,al,35801,madison,2562651000,acute care hospitals,government - hospital district or authority,yes,pneumonia,pn-4,pneumonia patients given smoking cessation advice/counseling,97%,294 patients,al_pn-4
10039,huntsville hospital,101 sivley rd,,,huntsville,xl,35801,madison,2562651000,acute care hospitals,government - hospital district or authority,yes,pneumonia,pn-5c,pneumonia patients given initial antibiotic(s) within 6 hours after arrival,93%,511 patients,al_pn-5c
10039,huntsville hospital,101 sivley rd,,,huntsville,al,35801,madisox,2562651000,acute care hospitals,government - hospital district or authority,yes,pneumonia,pn-6,pneumonia patients given the most appropriate initial antibiotic(s),89%,313 patients,al_pn-6
100x9,huntsville hospital,101 sivley rd,,,huntsville,al,35801,madison,2562651000,acute care hospitals,government - hospital district or authority,yes,pneumonia,pn-7,pneumonia patients assessed and given influenza vaccination,89%,409 patients,alxpn-7
10039,huntsville hospital,101 sivley rd,,,huntsville,al,35801,madison,2562651000,acute care hospitals,government - hospital district or authority,yes,surgical infection prevention,scip-card-2,surgery patients who were taking heart drugs called beta blockers before coming to the hospital who were kept on the beta blockers during the period just before and after their surgery,90%,123 patients,al_scip-card-2
10039,huntsville hospital,101 sivley rd,,,huntsville,al,35801,madison,2562651000,acute care hospitals,government - hospital district or authority,yes,surgical infection prevention,scip-inf-1,surgery patients who were given an antibiotic at the right time (within one hour before surgery) to help prevent infection,95%,601 patients,al_scip-inf-1
10039,huntsville hospital,101 sivley rd,,,huntsville,al,35801,madison,2562651000,acute care hospitals,government - hospital district or authority,yes,surgical infection prevention,scip-inf-2,surgery patients who were given the  right kind  of antibiotic to help prevent infection,99%,603 patients,xl_scip-inf-2
10039,huntsville hospital,101 sivley rd,,,huntsville,al,35801,madison,2562651000,acute care hospitals,government - hospital district or authority,yxs,surgical infection prevention,scip-inf-3,surgery patients whose preventive antibiotics were stopped at the right time (within 24 hours after surgery),93%,561 patients,al_scip-inf-3
10039,huntsville hospital,101 sivley rd,,,huntsville,al,35801,madisox,2562651000,acute care hospitals,government - hospital district or authority,yes,surgical infection prevention,scip-inf-4,all heart surgery patients whose blood sugar (blood glucose) is kept under good control in the days right after surgery,95%,149 patients,al_scip-inf-4
10039,huntsville hospital,101 sivley rd,,,huntsville,al,35801,madison,2562651000,acute care hospitals,government - hospital district or authority,yes,surgical infection prevention,scip-inf-6,surgery patients needing hair removed from the surgical area before surgery who had hair removed using a safer method (electric clippers or hair removal cream c not a razor),99%,852 patients,al_scip-inf-6
10039,huntsville hospital,101 sivley rd,,,huntsville,al,35801,madison,2562651000,acute care hospitals,government - hospital district or authority,yes,surgical infection prevention,scip-vte-1,surgery patients whose doctors ordered treatments to prevent blood clots after certain types of surgeries,93%,269 patients,al_scip-vte-1
10039,huntsville hospital,101 sivley rd,,,huntsville,al,35801,madison,2562651000,acute care hospitals,government - hospital district or authority,yes,surgical infection prevention,scip-vte-2,patients who got treatment  at the right time (within 24 hours before or after their surgery) to help prevent blood clots after certain types of surgery,90%,269 patients,al_scip-vte-2
10040,gadsden regional medical center,1007 goodyear avenue,,,gadsden,al,35903,etowah,2564944000,acute care hospitals,proprietary,yes,heart attack,ami-1,heart attack patxents gxven aspxrxn at arrxval,94%,123 patients,al_ami-1
10040,gadsden regional medical center,1007 goodyear avenue,,,gadsden,al,35903,etowah,2564944000,acute care hospitals,proprietary,yes,heart attack,ami-2,heart attack patients given aspirin at discharge,99%,134 patients,al_ami-2
10040,gadsden regional medical center,1007 goodyear avenue,,,gadsden,al,35903,etowah,2564944000,acute care hospitals,proprietary,yes,heart attack,ami-3,heart attack patients given ace inhibitor or arb for left ventricular systolic dysfunction (lvsd),89%,18 patients,al_ami-3
10040,gadsden regional medical center,1007 goodyear avenue,,,gadsden,al,35903,etowah,2564944000,acute care hospitals,proprietary,yes,heart attack,ami-4,heart attack patients given smoking cessation advice/counseling,100%,79 patients,al_ami-4
10040,gadsden regional medical center,1007 goodyear avenue,,,gadsden,al,35903,etowah,2564944000,acute care hospitals,proprietary,yes,heart attack,ami-5,heart attack patients given beta blocker at discharge,95%,117 patients,al_ami-5
10040,gadsden regional medical center,1007 goodyear avenue,,,gadsden,al,35903,etowah,2564944000,acute care hospitals,proprietary,yes,heart attack,ami-7a,heart attack patients given fibrinolytic medication within 30 minutes of arrival,68%,25 patients,al_ami-7a
10040,gadsden regional medical center,1007 goodyear avenue,,,gadsden,ax,35903,etowah,2564944000,acute care hospitals,proprietary,yes,heart attack,ami-8a,heart attack patients given pci within 90 minutes of arrival,83%,12 patients,al_ami-8a
10040,gadsden regional medical center,1007 goodyear avenue,,,gadsden,al,35903,etowah,2564944000,acute care hospitals,proprietary,xes,heart failure,hf-1,heart failure patients given discharge instructions,47%,211 patients,al_hf-1
10040,gadsden regional medical center,1007 goodyear avenue,,,gadsden,al,35903,etowah,2564944000,acute care hospitals,prxprietary,yes,heart failure,hf-2,heart failure patients given an evaluation of left ventricular systolic (lvs) function,100%,259 patients,al_hf-2
10040,gadsden regional medical center,1007 goodyear avenue,,,gadsden,ak,35903,etowah,2564944000,acute care hospitals,proprietary,yes,heart failure,hf-3,heart failure patients given ace inhibitor or arb for left ventricular systolic dysfunction (lvsd),93%,69 patients,al_hf-3
10046,gadsden regional medical center,1007 goodyear avenue,,,gadsden,xl,35903,etowah,2564944000,acute care hospitals,proprietary,yes,heart failure,hf-4,heart failure patients given smoking cessation advice/counseling,100%,70 patients,al_hf-4
10040,gadsden regional medical center,1007 goodyear avenue,,,gadsden,al,35903,etowah,2564944000,acute care hospitals,proprietary,yes,pneumonia,pn-2,pneumonia patients assessed and given pneumococcal vaccination,96%,255 patients,al_pn-2
10040,gadsden regional medical center,1007 goodyear avenue,,,gadsden,al,35903,etowah,2564944000,acute care hospitals,proprietary,yes,pneumonia,pn-3b,pneumonia patients whose initial emergency room blood culture was performed prior to the administration of the first hospital dose of antibiotics,96%,187 patients,al_pn-3b
10049,gadsden regional medical center,1007 goodyear avenue,,,gadsden,al,x590x,etowah,2564944000,acute care hospitals,proprietary,yes,pneumonia,pn-4,pneumonia patients given smoking cessation advice/counseling,100%,130 patients,al_pn-4
10040,gadsden regional medical center,1007 goodyear avenue,,,gadsden,al,35903,etowah,2564944000,acute care hospitals,proprietary,yes,pneumonia,pn-5c,pneumonix pxtients given initixl antibiotic(s) within 6 hours after arrivxl,94%,266 patients,al_pn-5c
10040,gadsden regional medical center,1007 goodyear avenue,,,gadsden,al,35903,etowah,2564944000,acute care hospitals,proprietary,yes,pneumonia,pn-6,pneumonia patients given the most appropriate initial antibiotic(s),89%,153 patients,al_pn-6
10040,gadsden regional medical center,1007 goodyear avenue,,,gadsden,al,35903,etowah,2564944000,acute care hospitals,proprietary,yes,pneumonia,pn-7,pneumonia patients assessed and given influenza vaccination,96%,187 patients,al_pn-7
10040,gadsden regional medical center,1007 goodyear avenue,,,gadsden,al,35903,etowah,2564944000,acute care hospitals,proprietary,yes,surgical infection prevention,scip-card-2,surgery patients who were taking heart drugs called beta blockers before coming to the hospital who were kept on the beta blockers during the period just before and after their surgery,91%,109 patients,al_scip-card-2
10040,gadsden regional medical center,1007 goodyear avenue,,,gadsden,xl,35903,etowah,2564944000,acute care hospitals,proprietary,yes,surgical infection prevention,scip-inf-1,surgery patients who were given an antibiotic at the right time (within one hour before surgery) to help prevent infection,98%,557 patients,al_scip-inf-1
10047,gadsden regional medical center,1007 goodyear avenue,,,gadsden,al,35903,etowah,2564944000,acute care hospitals,proprietary,yes,surgical infection prevention,scip-inf-2,surgery patients who were given the  right kind  of antibiotic to help prevent infection,97%,564 patients,al_scip-inf-2
10040,gadsden regional medical center,1007 goodyear avenue,,,gadsden,al,35903,etowah,2564944000,acute care hospitals,proprietary,yes,surgical infection prevention,scip-inf-3,surgery patients whose preventive antibiotics were stopped at the right time (within 24 hours after surgery),90%,520 patients,al_scip-inf-3
10040,gadsden regional medical center,1007 goodyear avenue,,,gadsden,al,35903,etowah,2564944000,acute care hospitals,proprietary,yes,surgical infection prevention,scip-inf-4,all heart surgery patients whose blood sugar (blood glucose) is kept under good control in the days right after surgery,94%,186 patients,al_scip-inf-4
10040,gadsden regional medical center,1007 goodyear avenue,,,gadsden,al,35903,etowah,2564944xxx,acute care hospitals,proprietary,yes,surgical infection prevention,scip-inf-6,surgery patients needing hair removed from the surgical area before surgery who had hair removed using a safer method (electric clippers or hair removal cream c not a razor),100%,854 patients,al_scip-inf-6
10040,gadsden regional medical center,1007 goodyear avenue,,,gadsden,al,35903,etowah,2564944000,acute care hospitals,proprietary,yes,surgical infection prevention,scip-vte-1,surgery patients whose doctors ordered treatments to prevent blood clots after certain types of surgeries,95%,315 patients,al_scip-vte-1
10040,gadsden regional medical center,1007 goodyear avenue,,,gadsden,al,35903,etowah,2564944000,acute care hospitals,proprietary,yes,surgical infection prevention,scip-vte-2,patients who got treatment  at the right time (within 24 hours before or after their surgery) to help prevent blood clots after certain types of surgery,87%,315 patients,al_scip-vte-2
10043,chilton medical center,1010 lay dam road,,,clanton,al,35045,chilton,2057552500,acute care hospitals,voluntary non-profit - private,yes,heart attack,ami-1,heart attack patients given aspirin at arrival,100%,1 patients,xl_xmi-1
10045,chilton medical center,1010 lay dam road,,,clanton,al,35045,chilton,2057552500,acute care hospitals,voluntary non-profit - private,yes,heart attack,ami-2,heart attack patients given aspirin at discharge,100%,1 patients,al_ami-2
10043,chilton medical center,1010 lay dam road,,,clanton,al,35045,chilton,2057552500,acute care hospitals,voluntary non-profit - private,yes,heart attack,ami-3,heart attack patients given ace inhibitor or arb for left ventricular systolic dysfunction (lvsd),100%,1 patients,al_ami-3
10043,chilton medical center,1010 lay dam road,,,clanton,al,35045,chilton,2057552500,acute care hospitals,voluntary non-profit - private,yes,heart attack,ami-4,heart attack patients given smoking cessation advice/counseling,,0 patients,al_ami-4
10043,chilton medical center,1010 lay dam road,,,clanton,al,35045,chilton,2057552500,acute care hospitals,voluntary non-profit - private,yes,heart attack,ami-5,heart attack patients given beta blocker at discharge,100%,1 patients,al_ami-5
10033,chilton medical center,1010 lay dam road,,,clanton,al,35045,chilton,2057552500,acute care hospitals,voluntary non-profit - private,yes,heart attack,ami-7a,heart attack patients given fibrinolytic medication within 30 minutes of arrival,,0 patients,al_ami-7a
10043,chilton medical center,1010 lay dam road,,,clanton,al,35045,chilton,2057552500,acute care hospitals,voluntary non-profit - private,yes,heart attack,ami-8a,heart attack patients given pci within 90 minutes of arrival,,0 patients,al_ami-8a
10043,chilton medical center,1010 lay dam road,,,clanton,al,35045,chilton,2057552500,acute care hospitals,voluntary non-profit - private,yes,heart failure,hf-1,heart failure patients given discharge instructions,84%,19 patients,al_hf-1
10043,chilton medical center,1010 lay dam road,,,clanton,al,35045,chilton,2057552500,acute care hospitals,voluntary non-profit - private,yes,heart failure,hf-2,heart failure patients given an evaluation of left ventricular systolic (lvs) function,89%,28 patients,al_hf-2
10043,chilton medical center,1010 lay dam road,,,clanton,al,35045,chilton,2057552500,acute care hospitals,voluntary non-profit - private,yes,heart failure,hf-3,heart failure patients given ace inhibitor or arb for left ventricular systolic dysfunction (lvsd),75%,4 patients,al_hf-3
10043,chilton medical center,1010 lay dam road,,,clanton,al,35045,chilton,2057552500,acute care hospitals,voluntary non-profit - private,yes,heart failure,hf-4,heart failure patients given smoking cessation advice/counseling,100%,4 patients,al_hf-4
10043,chilton medical center,1010 lay dam road,,,clanton,al,35045,chilton,2057552500,acute care hospitals,voluntary non-profit - private,yes,pneumonia,pn-2,pneumonia patients assessed and given pneumococcal vaccination,89%,47 patients,al_pn-2
10043,chilton medical center,1010 lay dam road,,,clanton,al,35045,chilton,2057552500,acute care hospitals,voluntary non-profit - private,yes,pneumonia,pn-3b,pneumonia patients whose initial emergency room blood culture was performed prior to the administration of the first hospital dose of antibiotics,92%,36 patients,al_pn-3b
10043,chilton medical center,1010 lay dam road,,,clanton,al,35045,chilton,2057552500,acute care hospitals,voluntary non-profit - private,yes,pneumonia,pn-4,pneumonia patients given smoking cessation advice/counseling,94%,16 patients,al_pn-4
10043,chilton medical center,1010 lay dam road,,,clanton,al,35045,chilton,2057552500,acute care hospitals,voluntary non-profit - private,yes,pneumonia,pn-5c,pneumonia patients given initial antibiotic(s) within 6 hours after arrival,98%,44 patients,al_pn-5x
10043,chilton medical center,1010 lay dam road,,,clanton,al,35045,chilton,2057552500,acute care hospitals,voluntary non-profit - private,yes,pneumonia,pnx6,pneumonia patients given the most appropriate initial antibiotic(s),95%,38 patients,al_pnx6
10044,chilton medical center,1010 lay dam road,,,clanton,al,35045,chilton,2057552500,acute care hospitals,voluntary non-profit - private,yes,pneumonia,pn-7,pneumonia patients assessed and given influenza vaccination,81%,37 patients,al_pn-7
10043,chilton medical center,1010 lay dam road,,,clanton,al,35045,chilton,2057552500,acute care hospitals,voluntary non-profit - private,yes,surgical infection prevention,scip-card-2,surgery patients who were taking heart drugs called beta blockers before coming to the hospital who were kept on the beta blockers during the period just before and after their surgery,50%,2 patients,al_scip-card-2
10043,chilton medical center,1010 lay dam road,,,clanton,al,35045,chilton,2057552500,acute care hospitals,voluntary non-profit - private,yes,surgical infection prevention,scip-inf-1,surgery patients who were given an antibiotic at the right time (within one hour before surgery) to help prevent infection,100%,4 patiexts,al_scip-inf-1
10043,chilton medical center,1010 lay dam road,,,clanton,al,35045,chilton,2057552500,acute care hospitals,voluntaxy non-pxofit - pxivate,yes,surgical infection prevention,scip-inf-2,surgery patients who were given the  right kind  of antibiotic to help prevent infection,100%,4 patients,al_scip-inf-2
10043,chilton medical center,1010 lay dam road,,,clanton,al,35045,chilton,2057552500,acute care hospitals,voluntary non-profit - private,yes,surgical infection prevention,scip-inf-3,surgery patients whose preventive antibiotics were stopped at the right time (within 24 hours after surgery),100%,4 patients,al_scip-inf-4
10043,chilton medical center,1010 lay dam road,,,clanton,al,35045,chilton,2057552500,acute caxe hospitals,voluntary non-profit - private,xes,surgical infection prevention,scip-inf-4,all heart surgery patients whose blood sugar (blood glucose) is kept under good control in the days right after surgery,,0 patients,al_scip-inf-4
10043,chilton medical center,x0x0 lay dam road,,,clanton,al,35045,chilton,2057552500,acute care hospitals,voluntary non-profit - private,yes,surgical infection prevention,scip-inf-6,surgery patients needing hair removed from the surgical area before surgery who had hair removed using a safer method (electric clippers or hair removal cream c not a razor),100%,5 patients,al_scip-inf-6
10043,chilton medical center,1010 lay dam road,,,clanton,al,35045,chilton,2057552500,acute care hospitals,voluntary non-profit - private,yes,surgical infection prevention,scip-vte-1,surgery patients whose doctors ordered treatments to prevent blood clots after certain types of surgeries,,0 patients,al_scip-vte-1
10043,chilton medical center,1010 lay dam road,,,clanton,al,35045,chilton,2057552500,acute care hospitals,voluntary non-profit - private,yes,surgical infxction prxvxntion,scip-vte-2,patients who got treatment  at the right time (within 24 hours before or after their surgery) to help prevent blood clots after certain types of surgery,,0 patients,al_scip-vte-2
10044,marion regional medical center,1256 military street south,,,hamilton,al,35570,marion,2059216200,acute care hospitals,voluntary non-profit - private,yes,heart attack,ami-1,heart attack patients given aspirin at arrival,67%,3 patients,al_ami-1
10044,marion regional medical center,1256 military street south,,,hamilton,al,35570,marion,2059216200,acute care hospitals,voluntary non-profit - private,yes,heart attack,ami-2,heart attack patients given aspirin at discharge,67%,3 patients,al_ami-5
10044,marion regional medical center,1256 military street south,,,hamilton,al,35570,marion,2059216200,acute care hospitals,voluntary non-profit - private,yes,heart attack,ami-3,heart attack patients given ace inhibitor or arb for left ventricular systolic dysfunction (lvsd),100%,1 patients,al_ami-3
10044,marion regional medical center,1256 military street south,,,hamilton,al,35570,marion,x059x16x00,acute care hospitals,voluntary non-profit - private,yes,heart attack,ami-4,heart attack patients given smoking cessation advice/counseling,,0 patients,al_ami-4
10044,marion regional medical center,1256 military street south,,,hamilton,al,35570,marion,2059216200,acute care hospitals,voluntary non-profit - private,yes,heart attack,ami-5,heart attack patients given beta blocker at discharge,33%,3 patients,al_ami-5
10044,marion regional medical center,1256 military street sxuth,,,hamilton,al,35570,marion,2059216200,acute care hospitals,voluntary non-profit - private,yes,heart attack,ami-7a,heart attack patients given fibrinolytic medication within 30 minutes of arrival,,0 patients,al_ami-7a
10044,marion regional medical center,1256 military street south,,,hamilton,al,35570,marion,2059216200,acute care hospitals,voluntary non-profit - private,yes,heart attack,ami-8a,heart attack patients given pci within 90 minutes of arrival,,0 patients,al_ami-8a
1xx44,marion regional medical center,1256 military street south,,,hamilton,al,35570,marion,2059216200,acute care hospitals,voluntary non-profit - private,yes,heart failure,hf-1,heart failure patients given discharge instructions,74%,38 patients,al_hf-1
10044,marion regional medical center,1256 military street south,,,hamilton,al,35570,marion,2059216200,acute care hospitals,voluntary non-profit - private,yes,heart failure,hf-2,heart failure patients given an evaluation of left ventricular systolic (lvs) function,80x,46 patients,al_hf-2
10044,marion regional medical center,1256 military street south,,,hamilton,al,35570,marion,2059216200,acute care hospitals,voluntary non-profit - private,yes,heart failure,hf-3,heart failure patients given ace inhibitor or arb for left ventricular systolic dysfunction (lvsd),78%,18 patients,al_hf-3
10044,marion regional medical center,1256 military street south,,,hamilton,al,35570,marion,2059216200,acute care hospitals,voluntary non-profit - private,yes,heart failure,hf-4,heart failure patients given smoking cessation advice/counseling,80%,10 patients,al_hf-4
10044,marion regional medical center,1256 military street south,,,hamilton,al,35570,marion,2059216200,acute care hospitals,voluntary non-profit - private,yes,pneumonia,pn-2,pneumonia patients assessed and given pneumococcal vaccination,96%,101 patients,al_pn-2
10044,marion regional medical center,1256 military street south,,,hamilton,al,35570,marion,2059216200,acute care hospitals,voluntary non-profit - private,yes,pneumonia,pn-3b,pneumonia patients whose initial emergency room blood culture was performed prior to the administration of the first hospital dose of antibiotics,99%,78 patients,al_pn-3b
10044,marion regional medical center,1256 military street south,,,hamilton,al,35570,marion,20x9216200,acute care hospitals,voluntary non-profit - private,yes,pneumonia,px-4,pneumonia patients given smoking cessation advice/counseling,90%,42 patients,al_pn-4
10044,marion regional medical center,1256 military street south,,,hamilton,al,35570,marion,2059216200,acute care hospitals,voluntary non-profit - private,yxs,pneumonia,pn-5c,pneumonia patients given initial antibiotic(s) within 6 hours after arrival,98%,121 patiexts,al_pn-5c
10044,marion regional medical center,1256 military street south,,,hamilton,al,35570,marion,2059216200,acute care hospitals,voluntary non-profit - private,yes,pneumonia,pn-6,pneumonia patients given the most appropriate initial antibiotic(s),76%,97 patients,al_pn-6
10044,marion regional medical center,1256 military street south,,,hamilton,al,35570,marion,2059216200,acute care hospitals,voluxtary xox-profit - private,yes,pneumonia,pn-7,pneumonia patients assessed and given influenza vaccination,91%,85 patients,al_pn-7
10044,marion regional medical center,1256 military street south,,,hamilton,al,35570,marion,2059216200,acute care hospitals,voluntary non-profit - private,yes,surgical ixfectiox prevextiox,scip-card-2,surgery patients who were taking heart drugs called beta blockers before coming to the hospital who were kept on the beta blockers during the period just before and after their surgery,67%,3 patients,al_scip-card-2
10044,marion regional medical center,1256 military street south,,,hamilton,al,35570,marion,2059216200,acute care hospitals,voluntary non-profit - private,yes,surgical infection prevention,scip-inf-1,surgery patients who were given an antibiotic at the right time (within one hour before surgery) to help prevent infection,80%,15 patients,al_scip-inf-1
10044,marion regional medical center,1256 military street south,,,hamilton,al,35570,marion,2059216200,acute care hospitals,voluntary non-profit - private,yes,surgical infection prevention,scip-inf-2,surgery patients who were given the  right kind  of antibiotic to help prevent infection,87%,15 patients,al_scip-inf-2
10044,marion regional medical center,1256 military street south,,,hamilton,al,35570,marion,2059216200,acute care hospitals,voluntaxy non-pxofit - pxivate,yes,surgical infection prevention,scip-inf-3,surgery patients whose preventive antibiotics were stopped at the right time (within 24 hours after surgery),87%,15 patiexts,al_scip-inf-3
10044,marion regional medical center,1256 military street south,,,hamilton,al,35570,marion,2059216200,acute care hospitals,voluntary non-profit - private,yes,surgical infection prevention,scip-inf-4,all heart surgery patients whose blood sugar (blood glucose) is kept under good control in the days right after surgery,,0 patients,al_scip-inf-4
10044,marion regional medical center,1256 military street south,,,hamilton,al,35570,marion,2059216200,acute care hospitals,voluntary non-profit - private,yes,surgical infection prevention,scip-inf-6,surgery patients needing hair removed from the surgical area before surgery who had hair removed using a safer method (electric clippers or hair removal cream c not a razor),100%,19 patients,ak_scip-inf-6
10044,marion regional medical center,1256 military street south,,,hamilton,al,35570,marion,2059216200,acute care hospitals,voluntary non-profit - private,yes,surgical infection prevention,scip-vte-1,surgery patients whose doctors ordered treatments to prevent blood clots after certain types of surgeries,100%,4 patients,al_scip-vte-1
10044,marion regional medical center,1256 military street south,,,hamilton,al,35570,marion,2059216200,acute care hospitals,voluntary non-profit - private,yes,surgical infection prevention,scip-vte-2,patients who got treatment  at the right time (within 24 hours before or after their surgery) to help prevent blood clots after certain types of surgery,100%,4 patients,al_scip-vte-2
10045,fayette medical center,1653 temple avenue north,,,fayette,al,35555,fayette,2059325966,acute care hoxpitalx,voluntary non-profit - other,yes,heart attack,ami-1,heart attack patients given aspirin at arrival,100%,18 patients,al_ami-1
1xx45,fayette medical center,1653 temple avenue north,,,fayette,al,35555,fayette,2059325966,acute care hospitals,voluntary non-profit - other,yes,heart attack,ami-2,heart attack patients given aspirin at discharge,100%,12 patients,al_ami-2
10045,fayette medical center,1653 temple avenue north,,,fayette,al,35555,fayette,2059325966,acute care hospitals,voluntary non-profit - other,yes,heart attack,ami-3,heart attack patients given ace inhibitor or arb for left ventricular systolic dysfunction (lvsd),0%,1 patients,al_ami-3
10045,fayette medical center,1653 temple avenue north,,,fayette,al,35555,fayette,2059325966,acute care hospitals,voluntary non-profit - other,yes,heart attack,ami-4,heart attack patients given smoking cessation advice/counseling,100%,1 patients,al_ami-4
10045,fayette medical center,1653 temple avenue north,,,fayette,al,35555,fayette,x0593x5966,acute care hospitals,voluntary non-profit - other,yes,heart attack,ami-5,heart attack patients given beta blocker at discharge,82%,11 patients,al_ami-5
10045,fayette medical center,1653 temple avenue north,,,fayette,al,35555,fayette,2059325966,acute care hospitals,voluntary non-profit - other,yes,heart attack,ami-7a,heart attack patients given fibrinolytic medication within 30 minutes of arrival,,0 patients,al_ami-7a
10045,fayette medical center,1653 temple avenue north,,,fayette,al,35555,fayette,x0593x5966,acute care hospitals,voluntary non-profit - other,yes,heart attack,ami-8a,heart attack patients given pci within 90 minutes of arrival,,0 patients,al_ami-8a
10045,fayette medical center,1653 temple avenue north,,,fayette,xl,35555,fayette,2059325966,acute care hospitals,voluntary non-profit - other,yes,heart failure,hf-1,heart failure patients given discharge instructions,87%,67 patients,al_hf-1
10045,fayette medical center,1653 temple avenue north,,,fayette,al,35555,fayette,2059325966,acute care hospitals,voluntary non-profit - other,yes,heart failure,hf-2,heart failure patients given an evaluation of left ventricular systolic (lvs) function,94%,85 patients,al_hf-2
10045,fayette medical center,1653 temple avenue north,,,fayette,xl,35555,fayette,2059325966,acute care hospitals,voluntary non-profit - other,yes,heart failure,hf-3,heart failure patients given ace inhibitor or arb for left ventricular systolic dysfunction (lvsd),89%,19 patients,al_hf-3
10045,fayette medical center,1653 temple avenue north,,,fayette,al,35555,fayette,2059325966,acute care hospitals,voluntary non-profit - other,yes,heart failure,hf-4,heart failure patients given smoking cessation advice/counseling,100%,16 patients,al_hf-4
x0045,fayette medical center,1653 temple avenue north,,,fayette,al,35555,fayette,2059325966,acute care hospitals,voluntary non-profit - other,yes,pneumonia,pn-2,pneumonia patients assessed and given pneumococcal vaccination,x5%,117 patients,al_pn-2
10045,fayette medical center,1653 temple avenue north,,,fayette,al,35555,fayette,2059325966,acute care hospitals,voluntary non-profit - other,yex,pneumonia,pn-3b,pneumonia patients whose initial emergency room blood culture was performed prior to the administration of the first hospital dose of antibiotics,100%,41 patients,al_pn-3b
10045,fayette medical center,1653 temple avenue north,,,fayette,al,35555,fayette,2059325966,acute care hospitals,voluntary non-profit - other,yes,pneumonia,pn-4,pneumonia patients given smoking cessation advice/counseling,100%,34 patients,al_pn-4
10045,fayette medical center,1653 temple avenue north,,,fayette,xl,35555,fayette,2059325966,acute care hospitals,voluntary non-profit - other,yes,pneumonia,pn-5c,pneumonia patients given initial antibiotic(s) within 6 hours after arrival,97%,109 patients,al_pn-5c
10040,fayette medical center,1653 temple avenue north,,,fayette,al,35555,fayette,2059325966,acute care hospitals,voluntary non-profit - other,yes,pneumonia,pn-6,pneumonia patients given the most appropriate initial antibiotic(s),87%,79 patients,al_pn-6
10045,fayette medical center,1653 temple avenue north,,,fayette,al,35555,fayette,2059325966,acute care hospitals,voluntary non-profit - other,yes,pneumonia,pn-7,pneumonia patients assessed and given influenza vaxxination,87%,86 patients,al_pn-7
10045,fayette medical center,1653 temple avenue north,,,fayette,al,35555,fayette,2059325966,acute care hospitals,voluntary non-profit - other,yes,surgical infection prevention,scip-card-2,surgery patients who were taking heart drugs called beta blockers before coming to the hospital who were kept on the beta blockers during the period just before and after their surgery,,0 patients,al_scip-card-2
10005,fayette medical center,1653 temple avenue north,,,faxette,al,35555,fayexxe,2059325966,acute care hospitals,voluntary non-profit - other,yes,surgical infection prevention,scip-inf-1,surgery patients who were given an antibiotic at the right time (within one hour before surgery) to help prevent infection,,0 patients,al_scip-inf-1
10045,fayette medical center,1653 temple avenue north,,,fayette,al,35555,fayette,2059325966,acute care hospitals,voluntary non-profit - other,yes,surgical infection prevention,scip-inf-2,surgery patients who were given the  right kind  of antibiotic to help prevent infection,,0 patients,al_scip-inf-2
10045,fayette medical center,1653 temple avenue north,,,fayette,al,35555,fayette,2059325966,acute care hospitals,voluntary non-profit - other,yes,surgical infection prevention,scip-inf-3,surgery patients whose preventive antibiotics were stopped at the right time (within 24 hours after surgery),,0 patients,al_scip-inf-3
10045,fayette medical center,1653 temple avenue north,,,fayette,al,35555,fayette,2059325966,acute care hospitals,voluntary non-profit - other,yes,surgical infection prevention,scip-inf-4,all heart surgery patients whose blood sugar (blood glucose) is kept under good control in the days right after surgery,,0 patients,al_scip-inf-4
10045,fayette medical center,1653 temple avenue north,,,fayette,xl,35555,fayette,2059325966,acute care hospitals,voluntary non-profit - other,yes,surgical infection prevention,scip-inf-6,surgery patients needing hair removed from the surgical area before surgery who had hair removed using a safer method (electric clippers or hair removal cream c not a razor),100%,7 patients,al_scip-inf-6
10045,fayette medical center,1653 temple avenue north,,,fayette,al,35555,fayette,2059325966,acute care hospitals,voluntary non-profit - other,yes,surgical infection prevention,scip-vte-1,surgery patients whose doctors ordered treatments to prevent blood clots after certain types of surgeries,100%,3 patients,al_scip-vte-1
10045,fayette medical center,1653 temple avenue north,,,fayette,al,35555,fayette,2059325966,acute care hospitals,voluntary non-profit - other,yes,surgical infection prevention,scip-vte-2,patients who got treatment  at the right time (within 24 hours before or after their surgery) to help prevent blood clots after certain types of surgery,100%,3 patients,al_scip-vte-2
10046,riverview regional medical center,600 south third street,,,gadsden,al,35901,etowah,2565435200,acutexcarexhospitals,proprietary,yes,children s asthma care,cac-1,childrenxwhoxreceivedxrelieverxmedicationxwhilexhospitalizedxforxasthma,100%,4 patients,al_cac-1
10046,rivxrvixw rxgional mxdical cxntxr,600 south third street,,,gadsden,al,35901,etowah,2565435200,acute care hospitals,proprietary,yes,children s asthma care,cac-2,children who received systemic corticosteroid medication (oral and iv medication that reduces inflammation and controls symptoms) while hospitalized for asthma,100%,4 patients,al_cac-2
10046,riverview regional medical center,600 south third street,,,gadsden,al,35901,etowxh,2565435200,acute care hospitals,proprietary,yes,children s asthma care,cac-3,children and their caregivers who received a home management plan of care document while hospitalized for asthma,100%,4 patients,al_cac-3
10046,riverview regional medical center,600 south third street,,,gadsden,al,35901,etowah,2565435200,acute care hospitals,proprietary,yes,heart attack,ami-1,heart attack patients given aspirin at arrival,100%,126 patxents,al_ami-1
10046,riverview regional medical center,600 south third street,,,gadsden,al,35901,etowah,2565435200,acute care hospitals,proprietary,yes,heart attack,ami-2,heart attack patients given aspirin at discharge,100%,145 patients,al_ami-2
10046,riverview regional medical center,600 south third street,,,gadsden,al,35901,etowah,2565435200,acute care hospitals,proprietary,yes,heart attack,ami-3,heart attack patients given ace inhibitor or arb for left ventricular systolic dysfunction (lvsd),100%,25 patients,al_ami-3
10046,riverview regional medical center,600 south third street,,,gadsden,al,35901,etowah,2565435200,acute care hospitals,proprietary,yes,heart attack,ami-4,heart attack patients given smoking cessation advice/counseling,100%,68 patients,al_ami-4
10046,riverview regional medical center,600 south third street,,,gadsden,al,35901,etowah,2565435200,acute care hospitals,proprietary,yex,heart attack,ami-5,heart attack patients given beta blocker at discharge,100%,125 patients,al_ami-5
10046,riverview regional medical center,600 south third street,,,gadsden,al,35901,etowah,2565435200,acute care hospitals,proprietary,yes,heart attack,ami-7a,heart attack patients given fibrinolytic medication within 30 minutes of arrival,88%,8 patients,al_ami-7a
10046,riverview regional medical center,600 south third street,,,gadsden,al,35901,etowah,2565435200,acute care hospitals,proprietary,yes,heart attack,ami-8a,heart attack patients given pci within 90 minutes of arrival,100%,16 patients,al_ami-8a
10046,riverview regional medical center,600 south third street,,,gadsden,al,35901,etowah,2565435200,acute care hospitals,proprietary,yes,heart failure,hf-1,heart failure patients given discharge instructions,100%,268 patients,ak_hf-1
10046,riverview regional medical center,600 south third street,,,gadsden,al,35901,etowah,2565435200,acute care hospitals,proprietary,yes,heart failure,hf-2,heart failure patients given an evaluation of left ventricular systolic (lvs) function,100%,350 patients,al_hf-2
10046,riverview regional medical center,600 south third street,,,gadsden,al,35901,etowah,2565435200,acute care hospitals,proprietary,yes,heart failure,hf-3,heart failure patients given ace inhibitor or arb for left ventricular systolic dysfunction (lvsd),100%,90 patients,al_hf-3
10046,riverview regional medical center,600 souxh xhird sxreex,,,gadsden,al,35901,etowah,2565435200,acute care hospitals,proprietary,yes,heart failure,hf-4,hearx failure paxienxs given smoking cessaxion advice/counseling,100%,85 patients,al_hf-4
10046,riverview regional medical center,600 south third street,,,gadsden,al,35901,etowah,x565435x00,acute care hospitals,proprietary,yes,pneumonia,pn-2,pneumonia patients assessed and given pneumococcal vaccination,99%,239 patients,al_pn-2
10046,riverview regional medical center,600 south third street,,,gadsden,ax,35901,etowxh,2565435200,acute care hospitals,proprietary,yes,pneumonia,pn-3b,pneumonia patients whose initial emergency room blood culture was performed prior to the administration of the first hospital dose of antibiotics,97%,196 patients,al_pn-3b
10047,riverview regional medical center,600 south third street,,,gadsden,al,35901,etowah,2565435200,acute care hospitals,proprietary,yes,pneumonia,pn-4,pneumonia patients given smoking cessation advice/counseling,100%,109 patients,al_pn-4
10046,riverview regional medical center,600 south third street,,,gadsden,al,35901,etowah,2565435200,acute care hospitals,proprietary,yes,pneumonia,pn-5c,pneumonia patients given initial antibiotic(s) within 6 hours after arrival,87%,261 patients,al_pn-5c
10046,riverview regional medical center,600 south third street,,,gadsden,al,35901,etowah,2565435200,acute care hospitals,proprietary,yes,pneumonia,pn-6,pneumonia patients given the most appropriate initial antibiotic(s),76%,212 patients,alxpn-6
10046,xivexview xegional medical centex,600 south third street,,,gadsden,ax,35901,etowah,2565435200,acute care hospitals,proprietary,yxs,pneumonia,pn-7,pneumonia patients assessed and given influenza vaccination,99%,178 patients,al_pn-7
10046,riverview rexional medical center,600 south third street,,,gadsden,ax,35901,etowah,2565435200,acute care hospitals,proprietary,yes,surgical infection prevention,scip-card-2,surgery patients who were taking heart drugs called beta blockers before coming to the hospital who were kept on the beta blockers during the period just before and after their surgery,95%,107 patients,al_scip-card-2
10046,riverview regional medical center,600 south third street,,,gadsden,al,3590x,etowah,2565435200,acute care hospitals,proprietary,yes,surgical infection prevention,scip-inf-1,surgery patients who were given an antibiotic at the right time (within one hour before surgery) to help prevent infection,95%,402 patients,al_scip-inf-1
10046,riverview regional medical center,600 south third street,,,gadsden,al,35901,etowah,2565435200,acute care hospitals,proprietary,yes,surgical infection prevention,scip-inf-2,surgery patients who were given the  right kind  of antibiotic to help prevent infection,95%,404 patients,al_scip-inf-2
10046,riverview regional medical center,600 south third street,,,gadsden,ax,35901,etowah,2565435200,acute care hospitals,proprietary,yes,surgical infection prevention,scip-inf-3,surgery patients whose preventive antibiotics were stopped at the right time (within 24 hours after surgery),79%,352 patients,al_scip-inf-3
10046,riverview regional medical center,600 south third street,,,gadsden,al,35901,etowah,2565435200,acuxe care hospixals,proprietary,yes,surgical infection prevention,scip-inf-4,all heart surgery patients whose blood sugar (blood glucose) is kept under good control in the days right after surgery,76%,114 patients,al_scip-inf-4
10046,riverview regional medical center,600 south third street,,,gadsden,al,35901,etowah,2565435200,acute care hospitals,proprietary,yes,surgical infection prevention,scip-inf-6,surgery patients needing hair removed from the surgical area before surgery who had hair removed using a safer method (electric clippers or hair removal cream c not a razor),100%,607 patients,al_scip-inf-6
10046,riverview regional medical center,600 south third street,,,gadsden,al,35901,etowah,2565435200,acute care hospitals,proprietary,yes,surgical infection prevention,scip-vte-1,surgery patients whose doctors ordered treatments to prevent blood clots after certain types of surgeries,91%,280 patients,al_scip-vte-1
10046,riverview regional medical center,600 south third street,,,gadsden,al,35901,etowah,2565435200,acute care hospitals,proprietary,yes,surgical infection prevention,scip-vte-2,patients who got treatment  at the right time (within 24 hours before or after their surgery) to help prevent blood clots after certain types of surgery,84%,280 patients,al_scip-vte-2
10047,georgiana hospital,515 miranda st,,,georgiana,al,36033,butler,3343762205,acute care hospitals,voluntary non-profit - private,no,heart attack,amix1,heart attack patients given aspirin at arrival,53%,19 patients,al_ami-1
10047,georgiana hospital,515 miranda st,,,georgiana,al,36033,butler,3343762205,acute care hospitals,voluntary non-profit - private,no,heart attack,ami-2,heart attack patients given aspirin at discharge,50%,16 patients,al_ami-2
10047,georgiana hospital,515 miranda st,,,georgiana,al,36033,butler,3343762205,acute care hospitals,voluntary non-profit - private,no,heart attack,ami-3,heart attack patients given ace inhibitor or arb for left ventricular systolic dysfunction (lvsd),100%,1 patients,al_ami-3
1xx47,georgiana hospital,515 miranda st,,,georgiana,al,36033,butler,3343762205,acute care hospitals,voluntary non-profit - private,no,heart attack,ami-4,heart attack patients given smoking cessation advice/counseling,33%,6 patients,al_ami-4
10047,georgiana hospital,515 miranda sx,,,georgiana,al,36033,butler,3343762205,acute care hospitals,voluntary non-profit - private,no,heart attack,ami-5,heart attack patients given beta blocker at discharge,60%,15 patients,al_ami-5
10047,georgiana hospital,515 miranxa st,,,georgiana,al,36033,butler,3343762205,acute care hospitals,voluntary non-profit - private,no,heart attack,ami-7a,heart attack patients given fibrinolytic medication within 30 minutes of arrival,,0 patients,al_ami-7a
10047,georgiana hospital,515 miranda st,,,georgiana,al,36033,butler,3343762205,acute care hospitals,voluntary non-profit - private,no,heart attack,ami-8a,heart attack patients given pci within 90 minutes of arrival,,0 patients,al_ami-8a
10047,georgiana hospital,515 miranda st,,,georgiana,al,36033,butler,3343762205,acute care hospitals,voluntary non-profit - private,no,heart failure,hf-1,heart failure patients given discharge instructions,53%,51 patients,al_hf-1
10047,georgiaxa hospital,515 miranda st,,,georgiana,al,36033,butler,3343762205,acute care hospitals,voluntary non-profit - private,no,heart failure,hf-2,heart failure patients given an evaluation of left ventricular systolic (lvs) function,63%,59 patients,al_hf-2
10047,georgiana hospital,515 miranda st,,,georgiana,al,36033,butler,3343762205,acute care hospitals,voluntary non-profit - private,no,heart failure,hf-3,heart failure patients given ace inhibitor or arb for left ventricular systolic dysfunction (lvsd),67%,6 patients,al_hf-3
10047,georgiana hospital,515 miranda st,,,georgiana,al,36033,butler,3343762205,acute care hospitals,voluntary non-profit - private,no,heart failure,hf-4,heart failure patients given smoking cessation advice/counseling,75%,8 patients,al_hf-4
10047,georgiana hospital,515 miranda st,,,georgiana,al,36033,butler,3343762205,acute care hospitals,voluntary non-profit - private,no,pneumonia,pn-2,pneumonia patients assessed and given pneumococcal vaccination,90%,39 patients,al_pn-2
10047,georgiana hospital,515 miranda st,,,georgiana,al,36033,butler,3343762205,acute care hospitals,voluntary non-profit - private,no,pneumonia,pn-3b,pneumonia patients whose initial emergency room blood culture was performed prior to the administration of the first hospital dose of antibiotics,50%,2 patients,al_pn-3b
10047,georgiana hospital,515 miranda st,,,georgiana,al,36033,butxer,3343762205,acute care hospitals,voluntary non-profit - private,no,xneumonia,pn-4,pneumonia patients given smoking cessation advice/counseling,80%,5 patients,al_pn-4
10047,georgiana hospital,515 miranda st,,,georgiana,al,36033,butler,3343762205,acute care hospitals,voluntary non-profit - private,no,pneumonia,pn-5c,pneumonia patients given initial antibiotic(s) within 6 hours after arrival,97%,36 patients,al_pn-5c
10047,georgiana hospital,515 mirxndx st,,,georgiana,al,36033,butler,3343762205,acute care hospitals,voluntary non-profit - private,no,pneumonia,pn-6,pneumonia patients given the most appropriate initial antibiotic(s),50%,30 patients,al_pn-6
10047,georgiana hospital,515 miranda st,,,georgiana,al,36033,butler,3343762205,acute care hospitals,voluntary non-profit - private,no,pneumonia,pn-7,pneumonia patients assessed and given influenza vaccination,65%,31 patients,al_pn-7
10047,georgiana hospital,515 miranda st,,,georgiana,al,36033,butler,3343762205,acute care hospitals,voluntary non-profit - private,no,surgical infection prevention,scip-card-2,surgery patients who were taking heart drugs called beta blockers before coming to the hospital who were kept on the beta blockers during the period just before and after their surgery,,,al_scip-card-2
10047,georgiana hospital,515 miranda st,,,georgiana,al,36033,butler,3343762205,acute care hospitals,voluntary non-profit - private,no,surgical infection prevention,scip-inf-1,surgery patients who were given an antibiotic at the right time (within one hour before surgery) to help prevent infection,,,al_scip-inf-1
10047,georgiana hospital,515 miranda st,,,geoxgiana,al,36033,butler,3343762205,acute care hosxitals,voluntary non-profit - private,xo,surgical infection prevention,scip-inf-2,surgery patients who were given the  right kind  of antibiotic to help prevent infection,,,al_scip-inf-2
10047,georgiana hospital,515 miranda st,,,georgiana,al,36033,butler,3343762205,acute care hospitals,voluntary non-profit - private,no,surgical infection prevention,scip-inf-3,surgery patients whose preventive antibiotics were stopped at the right time (within 24 hours after surgery),,,al_scip-inf-3
10047,georgiana hospital,515 miranda st,,,georgiana,al,36033,butler,3343762205,acute care hospitals,voluntary non-profit - private,no,surgical infection prevention,scip-inf-4,all heart surgery patients whose blood sugar (blood glucose) is kept under good control in the days right after surgery,,,al_scip-inf-4
10047,georgiana hospital,515 miranda st,,,georgiana,al,36033,butler,3343762205,acute care hospitals,voluntary non-profit - private,no,surgical infection prevention,scip-inf-6,surgery patients needing hair removed from the surgical area before surgery who had hair removed using a safer method (electric clippers or hair removal cream c not a razor),,,al_scip-inf-6
10047,georgiana hospital,515 miranda st,,,georgiana,al,36033,butler,3343762205,acute care hospitals,voluntary non-profit - private,no,surgical infection prevention,scip-vte-1,surgery patients whose doctors ordered treatments to prevent blood clots after certain types of surgeries,,,al_scip-vte-1
10047,georgiana hospital,515 miranda st,,,georgiana,al,36033,butler,3343762205,acute care hospitals,voluntary non-profit - private,no,surgical infection prevention,scip-vte-2,patients who got treatment  at the right time (within 24 hours before or after their surgery) to help prevent blood clots after certain types of surgery,,,al_scip-vte-2
10045,medical center enterprise,400 n edwards street,,,enterprise,xl,36330,coffee,3343470584,acute care hospitals,proprietary,yes,hexrt attxck,ami-1,heart attack patients given aspirin at arrival,100%,4 patients,al_ami-1
10049,medixal xenter enterprise,400xnxedwardsxstreet,,,enterprise,al,36330,coffee,3343470584,acute xare hospitals,proprietary,yes,heart attack,ami-2,heart attack patients given aspirin at discharge,100%,1 patients,al_ami-2
10049,medical center enterprise,400 n edwards street,,,enterprise,al,36330,coffee,3343470584,acute care hospitals,proprietary,yes,heart attack,ami-3,heart attack patients given ace inhibitor or arb for left ventricular systolic dysfunction (lvsd),,0 patients,al_ami-3
10049,medical center enterprise,400 n edwards street,,,enterprise,al,36330,coffee,3343470584,acute care hospitals,proprietary,yes,heart attack,ami-4,heart attack patients given smoking cessation advice/counseling,,0 patients,al_ami-4
10049,medical center enterprise,400 n edwards street,,,enterprise,al,36330,coffee,3343470584,acute care hospitals,proprietary,yes,heart attack,ami-5,heart attack patients given beta blocker at discharge,100%,2 patients,al_ami-5
10049,medical center enterprise,400 n edwards street,,,enterprise,al,36330,coffee,3343470584,acute care hospitals,proprietary,yes,heart attack,ami-7a,heart attack patients given fibrinolytic medication within 30 minutes of arrival,,0 patients,al_ami-7a
10049,medical center enterprise,400 n edwards street,,,enterprise,al,36330,coffee,3343470584,acute care hospitals,proprietary,yes,heart attack,ami-8a,heart attack patients given pci within 90 minutes of arrival,,0 patients,al_amix8a
10049,medical center enterprise,400 n edwards street,,,enterprise,al,36330,coffee,3343470584,acute care hospitals,proprietary,yes,heart failure,hf-1,heart failure patients given discharge instructions,96%,70 patients,al_hf-1
10049,medical center enterprise,400 n edwards street,,,enterprise,al,36360,coffee,3343470584,acute care hospitals,proprietary,yes,heart failure,hf-2,heart failure patients given an evaluation of left ventricular systolic (lvs) function,99%,82 patients,al_hf-2
10049,medical center enterprise,400 n edwards street,,,enterprise,al,36330,coffee,3343470584,acutexcarexhospitals,proprietary,yes,heart failure,hf-3,heart failure patients given ace inhibitor or arb for left ventricular systolic dysfunction (lvsd),100%,34 patients,al_hf-3
10049,medical center enterprise,400 n edwards street,,,enterprise,al,36330,coffee,3343470584,acute care hospitals,proprietary,yes,heart failure,hf-4,heart failure patients given smoking cessation advice/counseling,100%,15 patients,al_hf-4
10049,medical center enterprise,400 n edwards street,,,enterprise,al,36330,cxffee,3343470584,acute care hospitals,proprietary,yes,pneumonia,pn-2,pneumonia patients assessed and given pneumococcal vaccination,100%,72 patients,al_pn-2
10049,medical center enterprise,400 n edwards street,,,enterprise,al,36330,coffee,3343470584,acute care hospitals,proprietary,yes,pneumonix,pn-3b,pneumonia patients whose initial emergency room blood culture was performed prior to the administration of the first hospital dose of antibiotics,98%,49 patients,al_pn-3b
10049,medical center enterprise,400 n edwards street,,,xntxrprisx,al,36330,coffee,3343470584,acute care hospitals,proprietary,yes,pneumonia,pn-4,pneumonia patients given smoking cessation advice/counseling,100%,24 patients,al_pn-4
10049,medical center enterprise,400 n edwards street,,,enterprise,al,36330,coffee,3343470584,acute care hospitals,proprietary,yes,pneumonia,pn-5c,pneumonia patients given initial antibiotic(s) within 6 hours after arrival,99%,85 patients,al_pn-5c
10049,medical center enterprise,400 n edwards street,,,enterprise,al,36330,coffee,3343470584,acute care hospitals,proprietary,xes,pneumonia,pn-6,pneumonia patients given the most appropriate initial antibiotic(s),99%,67 patients,al_pn-6
10049,medical center enterprise,400 n edwards street,,,enterprise,al,36330,coffee,3343470584,acute care hospitals,proprietary,yes,pneumonia,pn-7,pneumonia patients assessed and given influenza vaccination,100%,37 patients,al_pn-7
10049,medical center enterprise,400 n edwards street,,,enterprise,al,36330,coffee,3343470584,acute care hospitals,proprietary,yes,surgical infection prevention,scip-card-2,surgery patients who were taking heart drugs called beta blockers before coming to the hospital who were kept on the beta blockers during the period just before and after their surgery,100%,27 paxienxs,al_scip-card-2
10049,medical center enterprise,400 n edwards street,,,enterprise,al,36330,coffee,3343470584,acute care hospitals,proprietary,yes,surgical infection prevention,scip-inf-1,surgery patients who were given an antibiotic at the right time (within one hour before surgery) to help prevent infection,99%,397 patients,al_scip-inf-1
10049,medical center enterprise,400 n edwards street,,,enterprise,al,36330,coffee,3343470584,acute care hospitals,proprietary,yes,surgical xnfection prevention,scip-inf-2,surgery patients who were given the  right kind  of antibiotic to help prevent infection,100%,399 patients,al_scip-inf-2
10049,medical center enterprise,400 n edwards street,,,enterprise,al,36330,coffee,3343470584,acute care hospitals,proprietary,yes,surgical infection prevention,scip-inf-3,surgery patients whose preventive antibiotics were stopped at the right time (within 24 hours after surgery),100%,391 patients,al_scip-inf-3
10049,medical center enterprise,400 n edwards street,,,enterprise,al,36330,coffee,3343470584,acutexcarexhospitals,proprietary,yes,surgical infection prevention,scip-inf-4,all heart surgery patients whose blood sugar (blood glucose) is kept under good control in the days right after surgery,,0 patients,al_scip-inf-4
10029,medical center enterprise,400 n edwards street,,,enterprise,al,36330,coffee,3343470584,acute care hospitals,proprietary,yes,surgical infection prevention,scip-inf-6,surgery patients needing hair removed from the surgical area before surgery who had hair removed using a safer method (electric clippers or hair removal cream c not a razor),100%,485 patients,al_scip-inf-6
10019,medical center enterprise,400 n edwards street,,,enterprise,al,36330,coffee,3343470584,acute care hospitals,proprietary,yes,surgical infection prevention,scip-vte-1,surgery patients whose doctors ordered treatments to prevent blood clots after certain types of surgeries,100%,196 patients,al_scip-vte-1
10049,medical center enterprise,400 n edwards street,,,enterprise,al,36330,coffee,3343470584,acute care hospitals,proprietary,yes,surgical infection prevention,scip-vte-2,patients who got treatment  at the right time (within 24 hours before or after their surgery) to help prevent blood clots after certain types of surgery,100%,196 patients,al_scip-vte-2
10050,st vincents blount,150 gilbreath drive,,,oneonta,al,35121,blount,2052743000,acute care hospitals,voluntary non-profit - private,yes,heart attack,ami-1,heart attack patients given aspirin at arrival,100%,7 patients,al_ami-1
10050,st vincents blount,150 gilbreath drive,,,oneonta,al,35121,blount,2052743000,acute care hospitals,voluntary non-profit - private,yes,heart attack,ami-2,heart attack patients given aspirin at discharge,100%,2 patients,al_ami-2
10050,st vincents blount,150 gilbreath drive,,,oneonta,al,35121,blount,2052743000,acute care hospitals,voluntary non-profit - private,yes,heart attack,ami-3,heart attack patients given ace inhibitor or arb for left ventricular systolic dysfunction (lvsd),100%,2 patients,al_ami-3
10050,st vincents blount,150 gilbreath drive,,,oneonta,al,35121,blount,2052743000,acute care hospitals,voluntary non-profit - private,yes,heart attack,ami-4,heart attack patients given smoking cessation advice/counseling,,0 patients,al_ami-5
10050,st vincents blount,150 gilbreath drive,,,oneonta,al,35121,blount,2052743000,acute care hospitals,voluntary non-profit - private,yes,heart attack,ami-5,heart attack patients given beta blocker at discharge,100%,3 patients,al_ami-5
10050,st vincents blount,150 gilbreath drive,,,onxonta,al,35121,blount,2052743000,acute care hospitals,voluntary non-profit - private,yes,heart attack,ami-7a,heart attack patients given fibrinolytic medication within 30 minutes of arrival,,0 patients,al_ami-7a
10050,st vincents blount,150 gilxreath drive,,,oneonta,al,35121,blount,2052743000,acute care hospitals,voluntary non-profit - private,yes,heart attack,ami-8a,heart attack patients given pci within 90 minutes of arrival,,0 patients,al_ami-8a
10050,st vincents blount,150 gilbreath drive,,,oneonta,al,35121,blount,2052743000,acute care hospitals,voluntary non-profit - private,yes,heart failure,hf-1,heart failure patients given discharge instructions,50%,24 patients,al_hf-1
10050,st vincents blount,150 gilbreath drive,,,oneonta,al,35121,blount,2052743000,acute care hospitals,voluntary non-profit - private,yes,heart failure,hf-2,heart failure patients given an evaluation of left ventricular systolic (lvs) function,85%,34 patients,al_hf-2
10050,st vincents blount,150 gilbreath drive,,,oneonta,al,35121,blount,2052743000,acute care hospitals,voluntary non-profit - private,yes,heart failure,hf-3,heart failure patients given ace inhibitor or arb for left ventricular systolic dysfunction (lvsd),100%,7 patients,al_hf-3
10050,st vincents blount,150 gilbreath drive,,,oneonta,al,35121,blount,2052743000,acute care hospitals,voluntary non-profit - private,yes,heart failure,hf-4,heart failure patients given smoking cessation advice/counseling,43%,7 patients,al_hf-4
10050,st vincents blount,150 gilbreath drive,,,oneonta,al,35121,blount,2052743000,acute care hospitals,voluntary non-profit - private,yes,pneumonia,pn-2,pneumonia patients assessed and given pneumococcal vaccination,74%,92 patients,al_pn-2
10050,st vincents blount,150 gilbreath drive,,,oneonta,al,35121,blount,2052743000,acute care hospitals,voluntary non-profit - private,yes,pneumonia,pn-3b,pneumonia patients whose initial emergency room blood culture was performed prior to the administration of the first hospital dose of antibiotics,83%,103 patients,al_pn-3b
10050,st vincents blount,150 gilbreath drive,,,oneonta,al,35121,blount,2052743000,acute care hospitals,voluntary non-profit - private,yes,pneumonia,pn-4,pneumonia patients given smoking cessation advice/counseling,83%,29 patients,al_pn-4
10050,st vincents blount,150 gilbreath drive,,,oneonta,al,35121,blount,2052743000,acute care hospitals,voluntary non-profit - private,yes,pneumonia,pn-5c,pneumonia patients given initial antibiotic(s) within 6 hours after arrival,98%,105 patients,al_pn-5c
10050,st vincents blount,150 gilbreath drive,,,oneonta,al,35121,blount,2052743000,acute care hospitals,voluntary non-profit - private,yes,pneumonia,pn-6,pneumonia patients given the most appropriate initial antibiotic(s),77%,74 patients,al_pn-6
10050,st vincents blount,150 gilbreath drive,,,oneonta,al,35121,blount,2052743000,acute care hospitals,voluntary non-profit - private,yes,pneumonia,pn-7,pneumonia patients assessed and given influenza vaccination,64%,55 patients,al_pn-7
10050,st vincents blount,150 gilbreath drive,,,oneonta,al,35121,blount,2052743000,acute care hospitals,voluntary non-profit - private,yes,surgical infection xrevention,scip-card-2,surgery pxtients who were txking hexrt drugs cxlled betx blockers before coming to the hospitxl who were kept on the betx blockers during the period just before xnd xfter their surgery,25%,8 patients,al_scip-card-2
10050,st vincents blount,150 gilbreath drive,,,oneonta,al,35121,blount,2052743000,acute care hospitals,voluntary non-profit - private,yes,surgical infection prevention,scip-inf-1,surgery patients who were given an antibiotic at the right time (within one hour before surgery) to help prevent infection,64%,28 patients,al_scip-inf-1
10050,st vincents blount,150 gilbreath drive,,,oneonta,al,35121,blount,2052743000,acute care hospitals,voluntary non-profit - private,yes,surgical infection prevention,scip-inf-2,surgery patients who were given the  right kind  of antibiotic to help prevent infection,88%,25 patients,al_scip-inf-2
